-1.000000
-1.000000
-0.660000
-0.999219
-1.000000
-0.659484
-0.998437
-1.000000
-0.658969
-0.997656
-1.000000
-0.658453
-0.996875
-1.000000
-0.657937
-0.996094
-1.000000
-0.657422
-0.995313
-1.000000
-0.656906
-0.994531
-1.000000
-0.656391
-0.993750
-1.000000
-0.655875
-0.992969
-1.000000
-0.655359
-0.992188
-1.000000
-0.654844
-0.991406
-1.000000
-0.654328
-0.990625
-1.000000
-0.653813
-0.989844
-1.000000
-0.653297
-0.989062
-1.000000
-0.652781
-0.988281
-1.000000
-0.652266
-0.987500
-1.000000
-0.651750
-0.986719
-1.000000
-0.651234
-0.985938
-1.000000
-0.650719
-0.985156
-1.000000
-0.650203
-0.984375
-1.000000
-0.649688
-0.983594
-1.000000
-0.649172
-0.982812
-1.000000
-0.648656
-0.982031
-1.000000
-0.648141
-0.981250
-1.000000
-0.647625
-0.980469
-1.000000
-0.647109
-0.979688
-1.000000
-0.646594
-0.978906
-1.000000
-0.646078
-0.978125
-1.000000
-0.645563
-0.977344
-1.000000
-0.645047
-0.976562
-1.000000
-0.644531
-0.975781
-1.000000
-0.644016
-0.975000
-1.000000
-0.643500
-0.974219
-1.000000
-0.642984
-0.973437
-1.000000
-0.642469
-0.972656
-1.000000
-0.641953
-0.971875
-1.000000
-0.641438
-0.971094
-1.000000
-0.640922
-0.970313
-1.000000
-0.640406
-0.969531
-1.000000
-0.639891
-0.968750
-1.000000
-0.639375
-0.967969
-1.000000
-0.638859
-0.967187
-1.000000
-0.638344
-0.966406
-1.000000
-0.637828
-0.965625
-1.000000
-0.637312
-0.964844
-1.000000
-0.636797
-0.964063
-1.000000
-0.636281
-0.963281
-1.000000
-0.635766
-0.962500
-1.000000
-0.635250
-0.961719
-1.000000
-0.634734
-0.960938
-1.000000
-0.634219
-0.960156
-1.000000
-0.633703
-0.959375
-1.000000
-0.633188
-0.958594
-1.000000
-0.632672
-0.957812
-1.000000
-0.632156
-0.957031
-1.000000
-0.631641
-0.956250
-1.000000
-0.631125
-0.955469
-1.000000
-0.630609
-0.954688
-1.000000
-0.630094
-0.953906
-1.000000
-0.629578
-0.953125
-1.000000
-0.629063
-0.952344
-1.000000
-0.628547
-0.951562
-1.000000
-0.628031
-0.950781
-1.000000
-0.627516
-0.950000
-1.000000
-0.627000
-0.949219
-1.000000
-0.626484
-0.948438
-1.000000
-0.625969
-0.947656
-1.000000
-0.625453
-0.946875
-1.000000
-0.624938
-0.946094
-1.000000
-0.624422
-0.945312
-1.000000
-0.623906
-0.944531
-1.000000
-0.623391
-0.943750
-1.000000
-0.622875
-0.942969
-1.000000
-0.622359
-0.942187
-1.000000
-0.621844
-0.941406
-1.000000
-0.621328
-0.940625
-1.000000
-0.620813
-0.939844
-1.000000
-0.620297
-0.939063
-1.000000
-0.619781
-0.938281
-1.000000
-0.619266
-0.937500
-1.000000
-0.618750
-0.936719
-1.000000
-0.618234
-0.935937
-1.000000
-0.617719
-0.935156
-1.000000
-0.617203
-0.934375
-1.000000
-0.616688
-0.933594
-1.000000
-0.616172
-0.932813
-1.000000
-0.615656
-0.932031
-1.000000
-0.615141
-0.931250
-1.000000
-0.614625
-0.930469
-1.000000
-0.614109
-0.929688
-1.000000
-0.613594
-0.928906
-1.000000
-0.613078
-0.928125
-1.000000
-0.612563
-0.927344
-1.000000
-0.612047
-0.926562
-1.000000
-0.611531
-0.925781
-1.000000
-0.611016
-0.925000
-1.000000
-0.610500
-0.924219
-1.000000
-0.609984
-0.923438
-1.000000
-0.609469
-0.922656
-1.000000
-0.608953
-0.921875
-1.000000
-0.608438
-0.921094
-1.000000
-0.607922
-0.920312
-1.000000
-0.607406
-0.919531
-1.000000
-0.606891
-0.918750
-1.000000
-0.606375
-0.917969
-1.000000
-0.605859
-0.917188
-1.000000
-0.605344
-0.916406
-1.000000
-0.604828
-0.915625
-1.000000
-0.604313
-0.914844
-1.000000
-0.603797
-0.914062
-1.000000
-0.603281
-0.913281
-1.000000
-0.602766
-0.912500
-1.000000
-0.602250
-0.911719
-1.000000
-0.601734
-0.910937
-1.000000
-0.601219
-0.910156
-1.000000
-0.600703
-0.909375
-1.000000
-0.600188
-0.908594
-1.000000
-0.599672
-0.907813
-1.000000
-0.599156
-0.907031
-1.000000
-0.598641
-0.906250
-1.000000
-0.598125
-0.905469
-1.000000
-0.597609
-0.904687
-1.000000
-0.597094
-0.903906
-1.000000
-0.596578
-0.903125
-1.000000
-0.596063
-0.902344
-1.000000
-0.595547
-0.901563
-1.000000
-0.595031
-0.900781
-1.000000
-0.594516
-0.900000
-1.000000
-0.594000
-0.899219
-1.000000
-0.593484
-0.898438
-1.000000
-0.592969
-0.897656
-1.000000
-0.592453
-0.896875
-1.000000
-0.591938
-0.896094
-1.000000
-0.591422
-0.895312
-1.000000
-0.590906
-0.894531
-1.000000
-0.590391
-0.893750
-1.000000
-0.589875
-0.892969
-1.000000
-0.589359
-0.892188
-1.000000
-0.588844
-0.891406
-1.000000
-0.588328
-0.890625
-1.000000
-0.587813
-0.889844
-1.000000
-0.587297
-0.889062
-1.000000
-0.586781
-0.888281
-1.000000
-0.586266
-0.887500
-1.000000
-0.585750
-0.886719
-1.000000
-0.585234
-0.885938
-1.000000
-0.584719
-0.885156
-1.000000
-0.584203
-0.884375
-1.000000
-0.583688
-0.883594
-1.000000
-0.583172
-0.882812
-1.000000
-0.582656
-0.882031
-1.000000
-0.582141
-0.881250
-1.000000
-0.581625
-0.880469
-1.000000
-0.581109
-0.879687
-1.000000
-0.580594
-0.878906
-1.000000
-0.580078
-0.878125
-1.000000
-0.579563
-0.877344
-1.000000
-0.579047
-0.876563
-1.000000
-0.578531
-0.875781
-1.000000
-0.578016
-0.875000
-1.000000
-0.577500
-0.874219
-1.000000
-0.576984
-0.873437
-1.000000
-0.576469
-0.872656
-1.000000
-0.575953
-0.871875
-1.000000
-0.575438
-0.871094
-1.000000
-0.574922
-0.870313
-1.000000
-0.574406
-0.869531
-1.000000
-0.573891
-0.868750
-1.000000
-0.573375
-0.867969
-1.000000
-0.572859
-0.867188
-1.000000
-0.572344
-0.866406
-1.000000
-0.571828
-0.865625
-1.000000
-0.571313
-0.864844
-1.000000
-0.570797
-0.864062
-1.000000
-0.570281
-0.863281
-1.000000
-0.569766
-0.862500
-1.000000
-0.569250
-0.861719
-1.000000
-0.568734
-0.860938
-1.000000
-0.568219
-0.860156
-1.000000
-0.567703
-0.859375
-1.000000
-0.567188
-0.858594
-1.000000
-0.566672
-0.857812
-1.000000
-0.566156
-0.857031
-1.000000
-0.565641
-0.856250
-1.000000
-0.565125
-0.855469
-1.000000
-0.564609
-0.854688
-1.000000
-0.564094
-0.853906
-1.000000
-0.563578
-0.853125
-1.000000
-0.563063
-0.852344
-1.000000
-0.562547
-0.851562
-1.000000
-0.562031
-0.850781
-1.000000
-0.561516
-0.850000
-1.000000
-0.561000
-0.849219
-1.000000
-0.560484
-0.848437
-1.000000
-0.559969
-0.847656
-1.000000
-0.559453
-0.846875
-1.000000
-0.558938
-0.846094
-1.000000
-0.558422
-0.845313
-1.000000
-0.557906
-0.844531
-1.000000
-0.557391
-0.843750
-1.000000
-0.556875
-0.842969
-1.000000
-0.556359
-0.842187
-1.000000
-0.555844
-0.841406
-1.000000
-0.555328
-0.840625
-1.000000
-0.554813
-0.839844
-1.000000
-0.554297
-0.839063
-1.000000
-0.553781
-0.838281
-1.000000
-0.553266
-0.837500
-1.000000
-0.552750
-0.836719
-1.000000
-0.552234
-0.835938
-1.000000
-0.551719
-0.835156
-1.000000
-0.551203
-0.834375
-1.000000
-0.550687
-0.833594
-1.000000
-0.550172
-0.832812
-1.000000
-0.549656
-0.832031
-1.000000
-0.549141
-0.831250
-1.000000
-0.548625
-0.830469
-1.000000
-0.548109
-0.829688
-1.000000
-0.547594
-0.828906
-1.000000
-0.547078
-0.828125
-1.000000
-0.546563
-0.827344
-1.000000
-0.546047
-0.826562
-1.000000
-0.545531
-0.825781
-1.000000
-0.545016
-0.825000
-1.000000
-0.544500
-0.824219
-1.000000
-0.543984
-0.823438
-1.000000
-0.543469
-0.822656
-1.000000
-0.542953
-0.821875
-1.000000
-0.542438
-0.821094
-1.000000
-0.541922
-0.820312
-1.000000
-0.541406
-0.819531
-1.000000
-0.540891
-0.818750
-1.000000
-0.540375
-0.817969
-1.000000
-0.539859
-0.817187
-1.000000
-0.539344
-0.816406
-1.000000
-0.538828
-0.815625
-1.000000
-0.538313
-0.814844
-1.000000
-0.537797
-0.814063
-1.000000
-0.537281
-0.813281
-1.000000
-0.536766
-0.812500
-1.000000
-0.536250
-0.811719
-1.000000
-0.535734
-0.810937
-1.000000
-0.535219
-0.810156
-1.000000
-0.534703
-0.809375
-1.000000
-0.534188
-0.808594
-1.000000
-0.533672
-0.807813
-1.000000
-0.533156
-0.807031
-1.000000
-0.532641
-0.806250
-1.000000
-0.532125
-0.805469
-1.000000
-0.531609
-0.804688
-1.000000
-0.531094
-0.803906
-1.000000
-0.530578
-0.803125
-1.000000
-0.530062
-0.802344
-1.000000
-0.529547
-0.801562
-1.000000
-0.529031
-0.800781
-1.000000
-0.528516
-0.800000
-1.000000
-0.528000
-0.799219
-1.000000
-0.527484
-0.798438
-1.000000
-0.526969
-0.797656
-1.000000
-0.526453
-0.796875
-1.000000
-0.525938
-0.796094
-1.000000
-0.525422
-0.795312
-1.000000
-0.524906
-0.794531
-1.000000
-0.524391
-0.793750
-1.000000
-0.523875
-0.792969
-1.000000
-0.523359
-0.792188
-1.000000
-0.522844
-0.791406
-1.000000
-0.522328
-0.790625
-1.000000
-0.521813
-0.789844
-1.000000
-0.521297
-0.789062
-1.000000
-0.520781
-0.788281
-1.000000
-0.520266
-0.787500
-1.000000
-0.519750
-0.786719
-1.000000
-0.519234
-0.785937
-1.000000
-0.518719
-0.785156
-1.000000
-0.518203
-0.784375
-1.000000
-0.517688
-0.783594
-1.000000
-0.517172
-0.782813
-1.000000
-0.516656
-0.782031
-1.000000
-0.516141
-0.781250
-1.000000
-0.515625
-0.780469
-1.000000
-0.515109
-0.779687
-1.000000
-0.514594
-0.778906
-1.000000
-0.514078
-0.778125
-1.000000
-0.513563
-0.777344
-1.000000
-0.513047
-0.776563
-1.000000
-0.512531
-0.775781
-1.000000
-0.512016
-0.775000
-1.000000
-0.511500
-0.774219
-1.000000
-0.510984
-0.773438
-1.000000
-0.510469
-0.772656
-1.000000
-0.509953
-0.771875
-1.000000
-0.509437
-0.771094
-1.000000
-0.508922
-0.770312
-1.000000
-0.508406
-0.769531
-1.000000
-0.507891
-0.768750
-1.000000
-0.507375
-0.767969
-1.000000
-0.506859
-0.767188
-1.000000
-0.506344
-0.766406
-1.000000
-0.505828
-0.765625
-1.000000
-0.505313
-0.764844
-1.000000
-0.504797
-0.764062
-1.000000
-0.504281
-0.763281
-1.000000
-0.503766
-0.762500
-1.000000
-0.503250
-0.761719
-1.000000
-0.502734
-0.760938
-1.000000
-0.502219
-0.760156
-1.000000
-0.501703
-0.759375
-1.000000
-0.501188
-0.758594
-1.000000
-0.500672
-0.757812
-1.000000
-0.500156
-0.757031
-1.000000
-0.499641
-0.756250
-1.000000
-0.499125
-0.755469
-1.000000
-0.498609
-0.754687
-1.000000
-0.498094
-0.753906
-1.000000
-0.497578
-0.753125
-1.000000
-0.497063
-0.752344
-1.000000
-0.496547
-0.751563
-1.000000
-0.496031
-0.750781
-1.000000
-0.495516
-0.750000
-1.000000
-0.495000
-0.749219
-1.000000
-0.494484
-0.748437
-1.000000
-0.493969
-0.747656
-1.000000
-0.493453
-0.746875
-1.000000
-0.492937
-0.746094
-1.000000
-0.492422
-0.745313
-1.000000
-0.491906
-0.744531
-1.000000
-0.491391
-0.743750
-1.000000
-0.490875
-0.742969
-1.000000
-0.490359
-0.742188
-1.000000
-0.489844
-0.741406
-1.000000
-0.489328
-0.740625
-1.000000
-0.488812
-0.739844
-1.000000
-0.488297
-0.739062
-1.000000
-0.487781
-0.738281
-1.000000
-0.487266
-0.737500
-1.000000
-0.486750
-0.736719
-1.000000
-0.486234
-0.735938
-1.000000
-0.485719
-0.735156
-1.000000
-0.485203
-0.734375
-1.000000
-0.484688
-0.733594
-1.000000
-0.484172
-0.732812
-1.000000
-0.483656
-0.732031
-1.000000
-0.483141
-0.731250
-1.000000
-0.482625
-0.730469
-1.000000
-0.482109
-0.729688
-1.000000
-0.481594
-0.728906
-1.000000
-0.481078
-0.728125
-1.000000
-0.480563
-0.727344
-1.000000
-0.480047
-0.726562
-1.000000
-0.479531
-0.725781
-1.000000
-0.479016
-0.725000
-1.000000
-0.478500
-0.724219
-1.000000
-0.477984
-0.723437
-1.000000
-0.477469
-0.722656
-1.000000
-0.476953
-0.721875
-1.000000
-0.476438
-0.721094
-1.000000
-0.475922
-0.720313
-1.000000
-0.475406
-0.719531
-1.000000
-0.474891
-0.718750
-1.000000
-0.474375
-0.717969
-1.000000
-0.473859
-0.717187
-1.000000
-0.473344
-0.716406
-1.000000
-0.472828
-0.715625
-1.000000
-0.472312
-0.714844
-1.000000
-0.471797
-0.714063
-1.000000
-0.471281
-0.713281
-1.000000
-0.470766
-0.712500
-1.000000
-0.470250
-0.711719
-1.000000
-0.469734
-0.710938
-1.000000
-0.469219
-0.710156
-1.000000
-0.468703
-0.709375
-1.000000
-0.468188
-0.708594
-1.000000
-0.467672
-0.707812
-1.000000
-0.467156
-0.707031
-1.000000
-0.466641
-0.706250
-1.000000
-0.466125
-0.705469
-1.000000
-0.465609
-0.704688
-1.000000
-0.465094
-0.703906
-1.000000
-0.464578
-0.703125
-1.000000
-0.464063
-0.702344
-1.000000
-0.463547
-0.701562
-1.000000
-0.463031
-0.700781
-1.000000
-0.462516
-0.700000
-1.000000
-0.462000
-0.699219
-1.000000
-0.461484
-0.698438
-1.000000
-0.460969
-0.697656
-1.000000
-0.460453
-0.696875
-1.000000
-0.459938
-0.696094
-1.000000
-0.459422
-0.695312
-1.000000
-0.458906
-0.694531
-1.000000
-0.458391
-0.693750
-1.000000
-0.457875
-0.692969
-1.000000
-0.457359
-0.692187
-1.000000
-0.456844
-0.691406
-1.000000
-0.456328
-0.690625
-1.000000
-0.455813
-0.689844
-1.000000
-0.455297
-0.689063
-1.000000
-0.454781
-0.688281
-1.000000
-0.454266
-0.687500
-1.000000
-0.453750
-0.686719
-1.000000
-0.453234
-0.685937
-1.000000
-0.452719
-0.685156
-1.000000
-0.452203
-0.684375
-1.000000
-0.451688
-0.683594
-1.000000
-0.451172
-0.682813
-1.000000
-0.450656
-0.682031
-1.000000
-0.450141
-0.681250
-1.000000
-0.449625
-0.680469
-1.000000
-0.449109
-0.679688
-1.000000
-0.448594
-0.678906
-1.000000
-0.448078
-0.678125
-1.000000
-0.447563
-0.677344
-1.000000
-0.447047
-0.676562
-1.000000
-0.446531
-0.675781
-1.000000
-0.446016
-0.675000
-1.000000
-0.445500
-0.674219
-1.000000
-0.444984
-0.673438
-1.000000
-0.444469
-0.672656
-1.000000
-0.443953
-0.671875
-1.000000
-0.443438
-0.671094
-1.000000
-0.442922
-0.670312
-1.000000
-0.442406
-0.669531
-1.000000
-0.441891
-0.668750
-1.000000
-0.441375
-0.667969
-1.000000
-0.440859
-0.667188
-1.000000
-0.440344
-0.666406
-1.000000
-0.439828
-0.665625
-1.000000
-0.439313
-0.664844
-1.000000
-0.438797
-0.664062
-1.000000
-0.438281
-0.663281
-1.000000
-0.437766
-0.662500
-1.000000
-0.437250
-0.661719
-1.000000
-0.436734
-0.660937
-1.000000
-0.436219
-0.660156
-1.000000
-0.435703
-0.659375
-1.000000
-0.435188
-0.658594
-1.000000
-0.434672
-0.657813
-1.000000
-0.434156
-0.657031
-1.000000
-0.433641
-0.656250
-1.000000
-0.433125
-0.655469
-1.000000
-0.432609
-0.654687
-1.000000
-0.432094
-0.653906
-1.000000
-0.431578
-0.653125
-1.000000
-0.431063
-0.652344
-1.000000
-0.430547
-0.651563
-1.000000
-0.430031
-0.650781
-1.000000
-0.429516
-0.650000
-1.000000
-0.429000
-0.649219
-1.000000
-0.428484
-0.648438
-1.000000
-0.427969
-0.647656
-1.000000
-0.427453
-0.646875
-1.000000
-0.426938
-0.646094
-1.000000
-0.426422
-0.645312
-1.000000
-0.425906
-0.644531
-1.000000
-0.425391
-0.643750
-1.000000
-0.424875
-0.642969
-1.000000
-0.424359
-0.642188
-1.000000
-0.423844
-0.641406
-1.000000
-0.423328
-0.640625
-1.000000
-0.422813
-0.639844
-1.000000
-0.422297
-0.639062
-1.000000
-0.421781
-0.638281
-1.000000
-0.421266
-0.637500
-1.000000
-0.420750
-0.636719
-1.000000
-0.420234
-0.635938
-1.000000
-0.419719
-0.635156
-1.000000
-0.419203
-0.634375
-1.000000
-0.418688
-0.633594
-1.000000
-0.418172
-0.632812
-1.000000
-0.417656
-0.632031
-1.000000
-0.417141
-0.631250
-1.000000
-0.416625
-0.630469
-1.000000
-0.416109
-0.629687
-1.000000
-0.415594
-0.628906
-1.000000
-0.415078
-0.628125
-1.000000
-0.414563
-0.627344
-1.000000
-0.414047
-0.626563
-1.000000
-0.413531
-0.625781
-1.000000
-0.413016
-0.625000
-1.000000
-0.412500
-0.624219
-1.000000
-0.411984
-0.623437
-1.000000
-0.411469
-0.622656
-1.000000
-0.410953
-0.621875
-1.000000
-0.410438
-0.621094
-1.000000
-0.409922
-0.620313
-1.000000
-0.409406
-0.619531
-1.000000
-0.408891
-0.618750
-1.000000
-0.408375
-0.617969
-1.000000
-0.407859
-0.617188
-1.000000
-0.407344
-0.616406
-1.000000
-0.406828
-0.615625
-1.000000
-0.406313
-0.614844
-1.000000
-0.405797
-0.614062
-1.000000
-0.405281
-0.613281
-1.000000
-0.404766
-0.612500
-1.000000
-0.404250
-0.611719
-1.000000
-0.403734
-0.610938
-1.000000
-0.403219
-0.610156
-1.000000
-0.402703
-0.609375
-1.000000
-0.402188
-0.608594
-1.000000
-0.401672
-0.607812
-1.000000
-0.401156
-0.607031
-1.000000
-0.400641
-0.606250
-1.000000
-0.400125
-0.605469
-1.000000
-0.399609
-0.604688
-1.000000
-0.399094
-0.603906
-1.000000
-0.398578
-0.603125
-1.000000
-0.398063
-0.602344
-1.000000
-0.397547
-0.601562
-1.000000
-0.397031
-0.600781
-1.000000
-0.396516
-0.600000
-1.000000
-0.396000
-0.599219
-1.000000
-0.395484
-0.598437
-1.000000
-0.394969
-0.597656
-1.000000
-0.394453
-0.596875
-1.000000
-0.393938
-0.596094
-1.000000
-0.393422
-0.595313
-1.000000
-0.392906
-0.594531
-1.000000
-0.392391
-0.593750
-1.000000
-0.391875
-0.592969
-1.000000
-0.391359
-0.592187
-1.000000
-0.390844
-0.591406
-1.000000
-0.390328
-0.590625
-1.000000
-0.389813
-0.589844
-1.000000
-0.389297
-0.589063
-1.000000
-0.388781
-0.588281
-1.000000
-0.388266
-0.587500
-1.000000
-0.387750
-0.586719
-1.000000
-0.387234
-0.585938
-1.000000
-0.386719
-0.585156
-1.000000
-0.386203
-0.584375
-1.000000
-0.385688
-0.583594
-1.000000
-0.385172
-0.582812
-1.000000
-0.384656
-0.582031
-1.000000
-0.384141
-0.581250
-1.000000
-0.383625
-0.580469
-1.000000
-0.383109
-0.579688
-1.000000
-0.382594
-0.578906
-1.000000
-0.382078
-0.578125
-1.000000
-0.381563
-0.577344
-1.000000
-0.381047
-0.576562
-1.000000
-0.380531
-0.575781
-1.000000
-0.380016
-0.575000
-1.000000
-0.379500
-0.574219
-1.000000
-0.378984
-0.573438
-1.000000
-0.378469
-0.572656
-1.000000
-0.377953
-0.571875
-1.000000
-0.377438
-0.571094
-1.000000
-0.376922
-0.570312
-1.000000
-0.376406
-0.569531
-1.000000
-0.375891
-0.568750
-1.000000
-0.375375
-0.567969
-1.000000
-0.374859
-0.567187
-1.000000
-0.374344
-0.566406
-1.000000
-0.373828
-0.565625
-1.000000
-0.373313
-0.564844
-1.000000
-0.372797
-0.564063
-1.000000
-0.372281
-0.563281
-1.000000
-0.371766
-0.562500
-1.000000
-0.371250
-0.561719
-1.000000
-0.370734
-0.560937
-1.000000
-0.370219
-0.560156
-1.000000
-0.369703
-0.559375
-1.000000
-0.369188
-0.558594
-1.000000
-0.368672
-0.557813
-1.000000
-0.368156
-0.557031
-1.000000
-0.367641
-0.556250
-1.000000
-0.367125
-0.555469
-1.000000
-0.366609
-0.554688
-1.000000
-0.366094
-0.553906
-1.000000
-0.365578
-0.553125
-1.000000
-0.365063
-0.552344
-1.000000
-0.364547
-0.551562
-1.000000
-0.364031
-0.550781
-1.000000
-0.363516
-0.550000
-1.000000
-0.363000
-0.549219
-1.000000
-0.362484
-0.548438
-1.000000
-0.361969
-0.547656
-1.000000
-0.361453
-0.546875
-1.000000
-0.360938
-0.546094
-1.000000
-0.360422
-0.545312
-1.000000
-0.359906
-0.544531
-1.000000
-0.359391
-0.543750
-1.000000
-0.358875
-0.542969
-1.000000
-0.358359
-0.542188
-1.000000
-0.357844
-0.541406
-1.000000
-0.357328
-0.540625
-1.000000
-0.356813
-0.539844
-1.000000
-0.356297
-0.539062
-1.000000
-0.355781
-0.538281
-1.000000
-0.355266
-0.537500
-1.000000
-0.354750
-0.536719
-1.000000
-0.354234
-0.535937
-1.000000
-0.353719
-0.535156
-1.000000
-0.353203
-0.534375
-1.000000
-0.352688
-0.533594
-1.000000
-0.352172
-0.532813
-1.000000
-0.351656
-0.532031
-1.000000
-0.351141
-0.531250
-1.000000
-0.350625
-0.530469
-1.000000
-0.350109
-0.529687
-1.000000
-0.349594
-0.528906
-1.000000
-0.349078
-0.528125
-1.000000
-0.348562
-0.527344
-1.000000
-0.348047
-0.526563
-1.000000
-0.347531
-0.525781
-1.000000
-0.347016
-0.525000
-1.000000
-0.346500
-0.524219
-1.000000
-0.345984
-0.523438
-1.000000
-0.345469
-0.522656
-1.000000
-0.344953
-0.521875
-1.000000
-0.344438
-0.521094
-1.000000
-0.343922
-0.520312
-1.000000
-0.343406
-0.519531
-1.000000
-0.342891
-0.518750
-1.000000
-0.342375
-0.517969
-1.000000
-0.341859
-0.517188
-1.000000
-0.341344
-0.516406
-1.000000
-0.340828
-0.515625
-1.000000
-0.340313
-0.514844
-1.000000
-0.339797
-0.514062
-1.000000
-0.339281
-0.513281
-1.000000
-0.338766
-0.512500
-1.000000
-0.338250
-0.511719
-1.000000
-0.337734
-0.510938
-1.000000
-0.337219
-0.510156
-1.000000
-0.336703
-0.509375
-1.000000
-0.336188
-0.508594
-1.000000
-0.335672
-0.507812
-1.000000
-0.335156
-0.507031
-1.000000
-0.334641
-0.506250
-1.000000
-0.334125
-0.505469
-1.000000
-0.333609
-0.504687
-1.000000
-0.333094
-0.503906
-1.000000
-0.332578
-0.503125
-1.000000
-0.332063
-0.502344
-1.000000
-0.331547
-0.501563
-1.000000
-0.331031
-0.500781
-1.000000
-0.330516
-0.500000
-1.000000
-0.330000
-0.499219
-1.000000
-0.329484
-0.498437
-1.000000
-0.328969
-0.497656
-1.000000
-0.328453
-0.496875
-1.000000
-0.327937
-0.496094
-1.000000
-0.327422
-0.495313
-1.000000
-0.326906
-0.494531
-1.000000
-0.326391
-0.493750
-1.000000
-0.325875
-0.492969
-1.000000
-0.325359
-0.492188
-1.000000
-0.324844
-0.491406
-1.000000
-0.324328
-0.490625
-1.000000
-0.323813
-0.489844
-1.000000
-0.323297
-0.489062
-1.000000
-0.322781
-0.488281
-1.000000
-0.322266
-0.487500
-1.000000
-0.321750
-0.486719
-1.000000
-0.321234
-0.485938
-1.000000
-0.320719
-0.485156
-1.000000
-0.320203
-0.484375
-1.000000
-0.319688
-0.483594
-1.000000
-0.319172
-0.482812
-1.000000
-0.318656
-0.482031
-1.000000
-0.318141
-0.481250
-1.000000
-0.317625
-0.480469
-1.000000
-0.317109
-0.479688
-1.000000
-0.316594
-0.478906
-1.000000
-0.316078
-0.478125
-1.000000
-0.315563
-0.477344
-1.000000
-0.315047
-0.476562
-1.000000
-0.314531
-0.475781
-1.000000
-0.314016
-0.475000
-1.000000
-0.313500
-0.474219
-1.000000
-0.312984
-0.473437
-1.000000
-0.312469
-0.472656
-1.000000
-0.311953
-0.471875
-1.000000
-0.311438
-0.471094
-1.000000
-0.310922
-0.470313
-1.000000
-0.310406
-0.469531
-1.000000
-0.309891
-0.468750
-1.000000
-0.309375
-0.467969
-1.000000
-0.308859
-0.467187
-1.000000
-0.308344
-0.466406
-1.000000
-0.307828
-0.465625
-1.000000
-0.307312
-0.464844
-1.000000
-0.306797
-0.464063
-1.000000
-0.306281
-0.463281
-1.000000
-0.305766
-0.462500
-1.000000
-0.305250
-0.461719
-1.000000
-0.304734
-0.460938
-1.000000
-0.304219
-0.460156
-1.000000
-0.303703
-0.459375
-1.000000
-0.303187
-0.458594
-1.000000
-0.302672
-0.457812
-1.000000
-0.302156
-0.457031
-1.000000
-0.301641
-0.456250
-1.000000
-0.301125
-0.455469
-1.000000
-0.300609
-0.454688
-1.000000
-0.300094
-0.453906
-1.000000
-0.299578
-0.453125
-1.000000
-0.299063
-0.452344
-1.000000
-0.298547
-0.451562
-1.000000
-0.298031
-0.450781
-1.000000
-0.297516
-0.450000
-1.000000
-0.297000
-0.449219
-1.000000
-0.296484
-0.448438
-1.000000
-0.295969
-0.447656
-1.000000
-0.295453
-0.446875
-1.000000
-0.294938
-0.446094
-1.000000
-0.294422
-0.445312
-1.000000
-0.293906
-0.444531
-1.000000
-0.293391
-0.443750
-1.000000
-0.292875
-0.442969
-1.000000
-0.292359
-0.442187
-1.000000
-0.291844
-0.441406
-1.000000
-0.291328
-0.440625
-1.000000
-0.290813
-0.439844
-1.000000
-0.290297
-0.439063
-1.000000
-0.289781
-0.438281
-1.000000
-0.289266
-0.437500
-1.000000
-0.288750
-0.436719
-1.000000
-0.288234
-0.435937
-1.000000
-0.287719
-0.435156
-1.000000
-0.287203
-0.434375
-1.000000
-0.286687
-0.433594
-1.000000
-0.286172
-0.432813
-1.000000
-0.285656
-0.432031
-1.000000
-0.285141
-0.431250
-1.000000
-0.284625
-0.430469
-1.000000
-0.284109
-0.429688
-1.000000
-0.283594
-0.428906
-1.000000
-0.283078
-0.428125
-1.000000
-0.282562
-0.427344
-1.000000
-0.282047
-0.426562
-1.000000
-0.281531
-0.425781
-1.000000
-0.281016
-0.425000
-1.000000
-0.280500
-0.424219
-1.000000
-0.279984
-0.423438
-1.000000
-0.279469
-0.422656
-1.000000
-0.278953
-0.421875
-1.000000
-0.278438
-0.421094
-1.000000
-0.277922
-0.420312
-1.000000
-0.277406
-0.419531
-1.000000
-0.276891
-0.418750
-1.000000
-0.276375
-0.417969
-1.000000
-0.275859
-0.417188
-1.000000
-0.275344
-0.416406
-1.000000
-0.274828
-0.415625
-1.000000
-0.274313
-0.414844
-1.000000
-0.273797
-0.414062
-1.000000
-0.273281
-0.413281
-1.000000
-0.272766
-0.412500
-1.000000
-0.272250
-0.411719
-1.000000
-0.271734
-0.410937
-1.000000
-0.271219
-0.410156
-1.000000
-0.270703
-0.409375
-1.000000
-0.270188
-0.408594
-1.000000
-0.269672
-0.407813
-1.000000
-0.269156
-0.407031
-1.000000
-0.268641
-0.406250
-1.000000
-0.268125
-0.405469
-1.000000
-0.267609
-0.404687
-1.000000
-0.267094
-0.403906
-1.000000
-0.266578
-0.403125
-1.000000
-0.266062
-0.402344
-1.000000
-0.265547
-0.401563
-1.000000
-0.265031
-0.400781
-1.000000
-0.264516
-0.400000
-1.000000
-0.264000
-0.399219
-1.000000
-0.263484
-0.398438
-1.000000
-0.262969
-0.397656
-1.000000
-0.262453
-0.396875
-1.000000
-0.261937
-0.396094
-1.000000
-0.261422
-0.395312
-1.000000
-0.260906
-0.394531
-1.000000
-0.260391
-0.393750
-1.000000
-0.259875
-0.392969
-1.000000
-0.259359
-0.392188
-1.000000
-0.258844
-0.391406
-1.000000
-0.258328
-0.390625
-1.000000
-0.257812
-0.389844
-1.000000
-0.257297
-0.389062
-1.000000
-0.256781
-0.388281
-1.000000
-0.256266
-0.387500
-1.000000
-0.255750
-0.386719
-1.000000
-0.255234
-0.385938
-1.000000
-0.254719
-0.385156
-1.000000
-0.254203
-0.384375
-1.000000
-0.253688
-0.383594
-1.000000
-0.253172
-0.382812
-1.000000
-0.252656
-0.382031
-1.000000
-0.252141
-0.381250
-1.000000
-0.251625
-0.380469
-1.000000
-0.251109
-0.379687
-1.000000
-0.250594
-0.378906
-1.000000
-0.250078
-0.378125
-1.000000
-0.249563
-0.377344
-1.000000
-0.249047
-0.376563
-1.000000
-0.248531
-0.375781
-1.000000
-0.248016
-0.375000
-1.000000
-0.247500
-0.374219
-1.000000
-0.246984
-0.373437
-1.000000
-0.246469
-0.372656
-1.000000
-0.245953
-0.371875
-1.000000
-0.245437
-0.371094
-1.000000
-0.244922
-0.370313
-1.000000
-0.244406
-0.369531
-1.000000
-0.243891
-0.368750
-1.000000
-0.243375
-0.367969
-1.000000
-0.242859
-0.367188
-1.000000
-0.242344
-0.366406
-1.000000
-0.241828
-0.365625
-1.000000
-0.241312
-0.364844
-1.000000
-0.240797
-0.364062
-1.000000
-0.240281
-0.363281
-1.000000
-0.239766
-0.362500
-1.000000
-0.239250
-0.361719
-1.000000
-0.238734
-0.360938
-1.000000
-0.238219
-0.360156
-1.000000
-0.237703
-0.359375
-1.000000
-0.237188
-0.358594
-1.000000
-0.236672
-0.357812
-1.000000
-0.236156
-0.357031
-1.000000
-0.235641
-0.356250
-1.000000
-0.235125
-0.355469
-1.000000
-0.234609
-0.354688
-1.000000
-0.234094
-0.353906
-1.000000
-0.233578
-0.353125
-1.000000
-0.233063
-0.352344
-1.000000
-0.232547
-0.351562
-1.000000
-0.232031
-0.350781
-1.000000
-0.231516
-0.350000
-1.000000
-0.231000
-0.349219
-1.000000
-0.230484
-0.348437
-1.000000
-0.229969
-0.347656
-1.000000
-0.229453
-0.346875
-1.000000
-0.228938
-0.346094
-1.000000
-0.228422
-0.345313
-1.000000
-0.227906
-0.344531
-1.000000
-0.227391
-0.343750
-1.000000
-0.226875
-0.342969
-1.000000
-0.226359
-0.342187
-1.000000
-0.225844
-0.341406
-1.000000
-0.225328
-0.340625
-1.000000
-0.224812
-0.339844
-1.000000
-0.224297
-0.339063
-1.000000
-0.223781
-0.338281
-1.000000
-0.223266
-0.337500
-1.000000
-0.222750
-0.336719
-1.000000
-0.222234
-0.335938
-1.000000
-0.221719
-0.335156
-1.000000
-0.221203
-0.334375
-1.000000
-0.220688
-0.333594
-1.000000
-0.220172
-0.332812
-1.000000
-0.219656
-0.332031
-1.000000
-0.219141
-0.331250
-1.000000
-0.218625
-0.330469
-1.000000
-0.218109
-0.329688
-1.000000
-0.217594
-0.328906
-1.000000
-0.217078
-0.328125
-1.000000
-0.216563
-0.327344
-1.000000
-0.216047
-0.326562
-1.000000
-0.215531
-0.325781
-1.000000
-0.215016
-0.325000
-1.000000
-0.214500
-0.324219
-1.000000
-0.213984
-0.323438
-1.000000
-0.213469
-0.322656
-1.000000
-0.212953
-0.321875
-1.000000
-0.212438
-0.321094
-1.000000
-0.211922
-0.320312
-1.000000
-0.211406
-0.319531
-1.000000
-0.210891
-0.318750
-1.000000
-0.210375
-0.317969
-1.000000
-0.209859
-0.317187
-1.000000
-0.209344
-0.316406
-1.000000
-0.208828
-0.315625
-1.000000
-0.208313
-0.314844
-1.000000
-0.207797
-0.314063
-1.000000
-0.207281
-0.313281
-1.000000
-0.206766
-0.312500
-1.000000
-0.206250
-0.311719
-1.000000
-0.205734
-0.310937
-1.000000
-0.205219
-0.310156
-1.000000
-0.204703
-0.309375
-1.000000
-0.204187
-0.308594
-1.000000
-0.203672
-0.307813
-1.000000
-0.203156
-0.307031
-1.000000
-0.202641
-0.306250
-1.000000
-0.202125
-0.305469
-1.000000
-0.201609
-0.304688
-1.000000
-0.201094
-0.303906
-1.000000
-0.200578
-0.303125
-1.000000
-0.200063
-0.302344
-1.000000
-0.199547
-0.301562
-1.000000
-0.199031
-0.300781
-1.000000
-0.198516
-0.300000
-1.000000
-0.198000
-0.299219
-1.000000
-0.197484
-0.298438
-1.000000
-0.196969
-0.297656
-1.000000
-0.196453
-0.296875
-1.000000
-0.195938
-0.296094
-1.000000
-0.195422
-0.295312
-1.000000
-0.194906
-0.294531
-1.000000
-0.194391
-0.293750
-1.000000
-0.193875
-0.292969
-1.000000
-0.193359
-0.292188
-1.000000
-0.192844
-0.291406
-1.000000
-0.192328
-0.290625
-1.000000
-0.191813
-0.289844
-1.000000
-0.191297
-0.289062
-1.000000
-0.190781
-0.288281
-1.000000
-0.190266
-0.287500
-1.000000
-0.189750
-0.286719
-1.000000
-0.189234
-0.285937
-1.000000
-0.188719
-0.285156
-1.000000
-0.188203
-0.284375
-1.000000
-0.187688
-0.283594
-1.000000
-0.187172
-0.282813
-1.000000
-0.186656
-0.282031
-1.000000
-0.186141
-0.281250
-1.000000
-0.185625
-0.280469
-1.000000
-0.185109
-0.279687
-1.000000
-0.184594
-0.278906
-1.000000
-0.184078
-0.278125
-1.000000
-0.183562
-0.277344
-1.000000
-0.183047
-0.276563
-1.000000
-0.182531
-0.275781
-1.000000
-0.182016
-0.275000
-1.000000
-0.181500
-0.274219
-1.000000
-0.180984
-0.273438
-1.000000
-0.180469
-0.272656
-1.000000
-0.179953
-0.271875
-1.000000
-0.179437
-0.271094
-1.000000
-0.178922
-0.270312
-1.000000
-0.178406
-0.269531
-1.000000
-0.177891
-0.268750
-1.000000
-0.177375
-0.267969
-1.000000
-0.176859
-0.267188
-1.000000
-0.176344
-0.266406
-1.000000
-0.175828
-0.265625
-1.000000
-0.175313
-0.264844
-1.000000
-0.174797
-0.264062
-1.000000
-0.174281
-0.263281
-1.000000
-0.173766
-0.262500
-1.000000
-0.173250
-0.261719
-1.000000
-0.172734
-0.260938
-1.000000
-0.172219
-0.260156
-1.000000
-0.171703
-0.259375
-1.000000
-0.171188
-0.258594
-1.000000
-0.170672
-0.257812
-1.000000
-0.170156
-0.257031
-1.000000
-0.169641
-0.256250
-1.000000
-0.169125
-0.255469
-1.000000
-0.168609
-0.254687
-1.000000
-0.168094
-0.253906
-1.000000
-0.167578
-0.253125
-1.000000
-0.167063
-0.252344
-1.000000
-0.166547
-0.251563
-1.000000
-0.166031
-0.250781
-1.000000
-0.165516
-0.250000
-1.000000
-0.165000
-0.249219
-1.000000
-0.164484
-0.248437
-1.000000
-0.163969
-0.247656
-1.000000
-0.163453
-0.246875
-1.000000
-0.162937
-0.246094
-1.000000
-0.162422
-0.245313
-1.000000
-0.161906
-0.244531
-1.000000
-0.161391
-0.243750
-1.000000
-0.160875
-0.242969
-1.000000
-0.160359
-0.242188
-1.000000
-0.159844
-0.241406
-1.000000
-0.159328
-0.240625
-1.000000
-0.158812
-0.239844
-1.000000
-0.158297
-0.239062
-1.000000
-0.157781
-0.238281
-1.000000
-0.157266
-0.237500
-1.000000
-0.156750
-0.236719
-1.000000
-0.156234
-0.235938
-1.000000
-0.155719
-0.235156
-1.000000
-0.155203
-0.234375
-1.000000
-0.154688
-0.233594
-1.000000
-0.154172
-0.232812
-1.000000
-0.153656
-0.232031
-1.000000
-0.153141
-0.231250
-1.000000
-0.152625
-0.230469
-1.000000
-0.152109
-0.229688
-1.000000
-0.151594
-0.228906
-1.000000
-0.151078
-0.228125
-1.000000
-0.150563
-0.227344
-1.000000
-0.150047
-0.226562
-1.000000
-0.149531
-0.225781
-1.000000
-0.149016
-0.225000
-1.000000
-0.148500
-0.224219
-1.000000
-0.147984
-0.223437
-1.000000
-0.147469
-0.222656
-1.000000
-0.146953
-0.221875
-1.000000
-0.146438
-0.221094
-1.000000
-0.145922
-0.220313
-1.000000
-0.145406
-0.219531
-1.000000
-0.144891
-0.218750
-1.000000
-0.144375
-0.217969
-1.000000
-0.143859
-0.217187
-1.000000
-0.143344
-0.216406
-1.000000
-0.142828
-0.215625
-1.000000
-0.142312
-0.214844
-1.000000
-0.141797
-0.214063
-1.000000
-0.141281
-0.213281
-1.000000
-0.140766
-0.212500
-1.000000
-0.140250
-0.211719
-1.000000
-0.139734
-0.210938
-1.000000
-0.139219
-0.210156
-1.000000
-0.138703
-0.209375
-1.000000
-0.138187
-0.208594
-1.000000
-0.137672
-0.207812
-1.000000
-0.137156
-0.207031
-1.000000
-0.136641
-0.206250
-1.000000
-0.136125
-0.205469
-1.000000
-0.135609
-0.204688
-1.000000
-0.135094
-0.203906
-1.000000
-0.134578
-0.203125
-1.000000
-0.134063
-0.202344
-1.000000
-0.133547
-0.201562
-1.000000
-0.133031
-0.200781
-1.000000
-0.132516
-0.200000
-1.000000
-0.132000
-0.199219
-1.000000
-0.131484
-0.198438
-1.000000
-0.130969
-0.197656
-1.000000
-0.130453
-0.196875
-1.000000
-0.129938
-0.196094
-1.000000
-0.129422
-0.195312
-1.000000
-0.128906
-0.194531
-1.000000
-0.128391
-0.193750
-1.000000
-0.127875
-0.192969
-1.000000
-0.127359
-0.192187
-1.000000
-0.126844
-0.191406
-1.000000
-0.126328
-0.190625
-1.000000
-0.125813
-0.189844
-1.000000
-0.125297
-0.189063
-1.000000
-0.124781
-0.188281
-1.000000
-0.124266
-0.187500
-1.000000
-0.123750
-0.186719
-1.000000
-0.123234
-0.185937
-1.000000
-0.122719
-0.185156
-1.000000
-0.122203
-0.184375
-1.000000
-0.121687
-0.183594
-1.000000
-0.121172
-0.182813
-1.000000
-0.120656
-0.182031
-1.000000
-0.120141
-0.181250
-1.000000
-0.119625
-0.180469
-1.000000
-0.119109
-0.179688
-1.000000
-0.118594
-0.178906
-1.000000
-0.118078
-0.178125
-1.000000
-0.117562
-0.177344
-1.000000
-0.117047
-0.176562
-1.000000
-0.116531
-0.175781
-1.000000
-0.116016
-0.175000
-1.000000
-0.115500
-0.174219
-1.000000
-0.114984
-0.173438
-1.000000
-0.114469
-0.172656
-1.000000
-0.113953
-0.171875
-1.000000
-0.113438
-0.171094
-1.000000
-0.112922
-0.170312
-1.000000
-0.112406
-0.169531
-1.000000
-0.111891
-0.168750
-1.000000
-0.111375
-0.167969
-1.000000
-0.110859
-0.167188
-1.000000
-0.110344
-0.166406
-1.000000
-0.109828
-0.165625
-1.000000
-0.109313
-0.164844
-1.000000
-0.108797
-0.164062
-1.000000
-0.108281
-0.163281
-1.000000
-0.107766
-0.162500
-1.000000
-0.107250
-0.161719
-1.000000
-0.106734
-0.160937
-1.000000
-0.106219
-0.160156
-1.000000
-0.105703
-0.159375
-1.000000
-0.105188
-0.158594
-1.000000
-0.104672
-0.157813
-1.000000
-0.104156
-0.157031
-1.000000
-0.103641
-0.156250
-1.000000
-0.103125
-0.155469
-1.000000
-0.102609
-0.154687
-1.000000
-0.102094
-0.153906
-1.000000
-0.101578
-0.153125
-1.000000
-0.101062
-0.152344
-1.000000
-0.100547
-0.151563
-1.000000
-0.100031
-0.150781
-1.000000
-0.099516
-0.150000
-1.000000
-0.099000
-0.149219
-1.000000
-0.098484
-0.148438
-1.000000
-0.097969
-0.147656
-1.000000
-0.097453
-0.146875
-1.000000
-0.096937
-0.146094
-1.000000
-0.096422
-0.145312
-1.000000
-0.095906
-0.144531
-1.000000
-0.095391
-0.143750
-1.000000
-0.094875
-0.142969
-1.000000
-0.094359
-0.142188
-1.000000
-0.093844
-0.141406
-1.000000
-0.093328
-0.140625
-1.000000
-0.092813
-0.139844
-1.000000
-0.092297
-0.139062
-1.000000
-0.091781
-0.138281
-1.000000
-0.091266
-0.137500
-1.000000
-0.090750
-0.136719
-1.000000
-0.090234
-0.135938
-1.000000
-0.089719
-0.135156
-1.000000
-0.089203
-0.134375
-1.000000
-0.088688
-0.133594
-1.000000
-0.088172
-0.132812
-1.000000
-0.087656
-0.132031
-1.000000
-0.087141
-0.131250
-1.000000
-0.086625
-0.130469
-1.000000
-0.086109
-0.129687
-1.000000
-0.085594
-0.128906
-1.000000
-0.085078
-0.128125
-1.000000
-0.084563
-0.127344
-1.000000
-0.084047
-0.126563
-1.000000
-0.083531
-0.125781
-1.000000
-0.083016
-0.125000
-1.000000
-0.082500
-0.124219
-1.000000
-0.081984
-0.123437
-1.000000
-0.081469
-0.122656
-1.000000
-0.080953
-0.121875
-1.000000
-0.080437
-0.121094
-1.000000
-0.079922
-0.120313
-1.000000
-0.079406
-0.119531
-1.000000
-0.078891
-0.118750
-1.000000
-0.078375
-0.117969
-1.000000
-0.077859
-0.117188
-1.000000
-0.077344
-0.116406
-1.000000
-0.076828
-0.115625
-1.000000
-0.076312
-0.114844
-1.000000
-0.075797
-0.114062
-1.000000
-0.075281
-0.113281
-1.000000
-0.074766
-0.112500
-1.000000
-0.074250
-0.111719
-1.000000
-0.073734
-0.110938
-1.000000
-0.073219
-0.110156
-1.000000
-0.072703
-0.109375
-1.000000
-0.072188
-0.108594
-1.000000
-0.071672
-0.107812
-1.000000
-0.071156
-0.107031
-1.000000
-0.070641
-0.106250
-1.000000
-0.070125
-0.105469
-1.000000
-0.069609
-0.104688
-1.000000
-0.069094
-0.103906
-1.000000
-0.068578
-0.103125
-1.000000
-0.068063
-0.102344
-1.000000
-0.067547
-0.101562
-1.000000
-0.067031
-0.100781
-1.000000
-0.066516
-0.100000
-1.000000
-0.066000
-0.099219
-1.000000
-0.065484
-0.098437
-1.000000
-0.064969
-0.097656
-1.000000
-0.064453
-0.096875
-1.000000
-0.063938
-0.096094
-1.000000
-0.063422
-0.095313
-1.000000
-0.062906
-0.094531
-1.000000
-0.062391
-0.093750
-1.000000
-0.061875
-0.092969
-1.000000
-0.061359
-0.092187
-1.000000
-0.060844
-0.091406
-1.000000
-0.060328
-0.090625
-1.000000
-0.059812
-0.089844
-1.000000
-0.059297
-0.089063
-1.000000
-0.058781
-0.088281
-1.000000
-0.058266
-0.087500
-1.000000
-0.057750
-0.086719
-1.000000
-0.057234
-0.085938
-1.000000
-0.056719
-0.085156
-1.000000
-0.056203
-0.084375
-1.000000
-0.055687
-0.083594
-1.000000
-0.055172
-0.082812
-1.000000
-0.054656
-0.082031
-1.000000
-0.054141
-0.081250
-1.000000
-0.053625
-0.080469
-1.000000
-0.053109
-0.079688
-1.000000
-0.052594
-0.078906
-1.000000
-0.052078
-0.078125
-1.000000
-0.051563
-0.077344
-1.000000
-0.051047
-0.076562
-1.000000
-0.050531
-0.075781
-1.000000
-0.050016
-0.075000
-1.000000
-0.049500
-0.074219
-1.000000
-0.048984
-0.073438
-1.000000
-0.048469
-0.072656
-1.000000
-0.047953
-0.071875
-1.000000
-0.047438
-0.071094
-1.000000
-0.046922
-0.070312
-1.000000
-0.046406
-0.069531
-1.000000
-0.045891
-0.068750
-1.000000
-0.045375
-0.067969
-1.000000
-0.044859
-0.067187
-1.000000
-0.044344
-0.066406
-1.000000
-0.043828
-0.065625
-1.000000
-0.043313
-0.064844
-1.000000
-0.042797
-0.064063
-1.000000
-0.042281
-0.063281
-1.000000
-0.041766
-0.062500
-1.000000
-0.041250
-0.061719
-1.000000
-0.040734
-0.060937
-1.000000
-0.040219
-0.060156
-1.000000
-0.039703
-0.059375
-1.000000
-0.039187
-0.058594
-1.000000
-0.038672
-0.057813
-1.000000
-0.038156
-0.057031
-1.000000
-0.037641
-0.056250
-1.000000
-0.037125
-0.055469
-1.000000
-0.036609
-0.054688
-1.000000
-0.036094
-0.053906
-1.000000
-0.035578
-0.053125
-1.000000
-0.035062
-0.052344
-1.000000
-0.034547
-0.051562
-1.000000
-0.034031
-0.050781
-1.000000
-0.033516
-0.050000
-1.000000
-0.033000
-0.049219
-1.000000
-0.032484
-0.048438
-1.000000
-0.031969
-0.047656
-1.000000
-0.031453
-0.046875
-1.000000
-0.030937
-0.046094
-1.000000
-0.030422
-0.045312
-1.000000
-0.029906
-0.044531
-1.000000
-0.029391
-0.043750
-1.000000
-0.028875
-0.042969
-1.000000
-0.028359
-0.042188
-1.000000
-0.027844
-0.041406
-1.000000
-0.027328
-0.040625
-1.000000
-0.026813
-0.039844
-1.000000
-0.026297
-0.039062
-1.000000
-0.025781
-0.038281
-1.000000
-0.025266
-0.037500
-1.000000
-0.024750
-0.036719
-1.000000
-0.024234
-0.035937
-1.000000
-0.023719
-0.035156
-1.000000
-0.023203
-0.034375
-1.000000
-0.022688
-0.033594
-1.000000
-0.022172
-0.032813
-1.000000
-0.021656
-0.032031
-1.000000
-0.021141
-0.031250
-1.000000
-0.020625
-0.030469
-1.000000
-0.020109
-0.029687
-1.000000
-0.019594
-0.028906
-1.000000
-0.019078
-0.028125
-1.000000
-0.018562
-0.027344
-1.000000
-0.018047
-0.026563
-1.000000
-0.017531
-0.025781
-1.000000
-0.017016
-0.025000
-1.000000
-0.016500
-0.024219
-1.000000
-0.015984
-0.023438
-1.000000
-0.015469
-0.022656
-1.000000
-0.014953
-0.021875
-1.000000
-0.014437
-0.021094
-1.000000
-0.013922
-0.020312
-1.000000
-0.013406
-0.019531
-1.000000
-0.012891
-0.018750
-1.000000
-0.012375
-0.017969
-1.000000
-0.011859
-0.017188
-1.000000
-0.011344
-0.016406
-1.000000
-0.010828
-0.015625
-1.000000
-0.010313
-0.014844
-1.000000
-0.009797
-0.014062
-1.000000
-0.009281
-0.013281
-1.000000
-0.008766
-0.012500
-1.000000
-0.008250
-0.011719
-1.000000
-0.007734
-0.010938
-1.000000
-0.007219
-0.010156
-1.000000
-0.006703
-0.009375
-1.000000
-0.006188
-0.008594
-1.000000
-0.005672
-0.007812
-1.000000
-0.005156
-0.007031
-1.000000
-0.004641
-0.006250
-1.000000
-0.004125
-0.005469
-1.000000
-0.003609
-0.004687
-1.000000
-0.003094
-0.003906
-1.000000
-0.002578
-0.003125
-1.000000
-0.002063
-0.002344
-1.000000
-0.001547
-0.001563
-1.000000
-0.001031
-0.000781
-1.000000
-0.000516
0.000000
-1.000000
0.000000
0.000781
-1.000000
0.000516
0.001562
-1.000000
0.001031
0.002344
-1.000000
0.001547
0.003125
-1.000000
0.002063
0.003906
-1.000000
0.002578
0.004687
-1.000000
0.003094
0.005469
-1.000000
0.003609
0.006250
-1.000000
0.004125
0.007031
-1.000000
0.004641
0.007812
-1.000000
0.005156
0.008594
-1.000000
0.005672
0.009375
-1.000000
0.006187
0.010156
-1.000000
0.006703
0.010938
-1.000000
0.007219
0.011719
-1.000000
0.007734
0.012500
-1.000000
0.008250
0.013281
-1.000000
0.008766
0.014063
-1.000000
0.009281
0.014844
-1.000000
0.009797
0.015625
-1.000000
0.010313
0.016406
-1.000000
0.010828
0.017187
-1.000000
0.011344
0.017969
-1.000000
0.011859
0.018750
-1.000000
0.012375
0.019531
-1.000000
0.012891
0.020312
-1.000000
0.013406
0.021094
-1.000000
0.013922
0.021875
-1.000000
0.014438
0.022656
-1.000000
0.014953
0.023438
-1.000000
0.015469
0.024219
-1.000000
0.015984
0.025000
-1.000000
0.016500
0.025781
-1.000000
0.017016
0.026563
-1.000000
0.017531
0.027344
-1.000000
0.018047
0.028125
-1.000000
0.018562
0.028906
-1.000000
0.019078
0.029688
-1.000000
0.019594
0.030469
-1.000000
0.020109
0.031250
-1.000000
0.020625
0.032031
-1.000000
0.021141
0.032812
-1.000000
0.021656
0.033594
-1.000000
0.022172
0.034375
-1.000000
0.022688
0.035156
-1.000000
0.023203
0.035937
-1.000000
0.023719
0.036719
-1.000000
0.024234
0.037500
-1.000000
0.024750
0.038281
-1.000000
0.025266
0.039062
-1.000000
0.025781
0.039844
-1.000000
0.026297
0.040625
-1.000000
0.026812
0.041406
-1.000000
0.027328
0.042188
-1.000000
0.027844
0.042969
-1.000000
0.028359
0.043750
-1.000000
0.028875
0.044531
-1.000000
0.029391
0.045313
-1.000000
0.029906
0.046094
-1.000000
0.030422
0.046875
-1.000000
0.030937
0.047656
-1.000000
0.031453
0.048437
-1.000000
0.031969
0.049219
-1.000000
0.032484
0.050000
-1.000000
0.033000
0.050781
-1.000000
0.033516
0.051562
-1.000000
0.034031
0.052344
-1.000000
0.034547
0.053125
-1.000000
0.035063
0.053906
-1.000000
0.035578
0.054688
-1.000000
0.036094
0.055469
-1.000000
0.036609
0.056250
-1.000000
0.037125
0.057031
-1.000000
0.037641
0.057813
-1.000000
0.038156
0.058594
-1.000000
0.038672
0.059375
-1.000000
0.039187
0.060156
-1.000000
0.039703
0.060938
-1.000000
0.040219
0.061719
-1.000000
0.040734
0.062500
-1.000000
0.041250
0.063281
-1.000000
0.041766
0.064062
-1.000000
0.042281
0.064844
-1.000000
0.042797
0.065625
-1.000000
0.043313
0.066406
-1.000000
0.043828
0.067187
-1.000000
0.044344
0.067969
-1.000000
0.044859
0.068750
-1.000000
0.045375
0.069531
-1.000000
0.045891
0.070312
-1.000000
0.046406
0.071094
-1.000000
0.046922
0.071875
-1.000000
0.047437
0.072656
-1.000000
0.047953
0.073438
-1.000000
0.048469
0.074219
-1.000000
0.048984
0.075000
-1.000000
0.049500
0.075781
-1.000000
0.050016
0.076563
-1.000000
0.050531
0.077344
-1.000000
0.051047
0.078125
-1.000000
0.051563
0.078906
-1.000000
0.052078
0.079687
-1.000000
0.052594
0.080469
-1.000000
0.053109
0.081250
-1.000000
0.053625
0.082031
-1.000000
0.054141
0.082812
-1.000000
0.054656
0.083594
-1.000000
0.055172
0.084375
-1.000000
0.055688
0.085156
-1.000000
0.056203
0.085938
-1.000000
0.056719
0.086719
-1.000000
0.057234
0.087500
-1.000000
0.057750
0.088281
-1.000000
0.058266
0.089063
-1.000000
0.058781
0.089844
-1.000000
0.059297
0.090625
-1.000000
0.059812
0.091406
-1.000000
0.060328
0.092188
-1.000000
0.060844
0.092969
-1.000000
0.061359
0.093750
-1.000000
0.061875
0.094531
-1.000000
0.062391
0.095312
-1.000000
0.062906
0.096094
-1.000000
0.063422
0.096875
-1.000000
0.063938
0.097656
-1.000000
0.064453
0.098437
-1.000000
0.064969
0.099219
-1.000000
0.065484
0.100000
-1.000000
0.066000
0.100781
-1.000000
0.066516
0.101562
-1.000000
0.067031
0.102344
-1.000000
0.067547
0.103125
-1.000000
0.068062
0.103906
-1.000000
0.068578
0.104688
-1.000000
0.069094
0.105469
-1.000000
0.069609
0.106250
-1.000000
0.070125
0.107031
-1.000000
0.070641
0.107813
-1.000000
0.071156
0.108594
-1.000000
0.071672
0.109375
-1.000000
0.072188
0.110156
-1.000000
0.072703
0.110937
-1.000000
0.073219
0.111719
-1.000000
0.073734
0.112500
-1.000000
0.074250
0.113281
-1.000000
0.074766
0.114062
-1.000000
0.075281
0.114844
-1.000000
0.075797
0.115625
-1.000000
0.076313
0.116406
-1.000000
0.076828
0.117188
-1.000000
0.077344
0.117969
-1.000000
0.077859
0.118750
-1.000000
0.078375
0.119531
-1.000000
0.078891
0.120313
-1.000000
0.079406
0.121094
-1.000000
0.079922
0.121875
-1.000000
0.080437
0.122656
-1.000000
0.080953
0.123438
-1.000000
0.081469
0.124219
-1.000000
0.081984
0.125000
-1.000000
0.082500
0.125781
-1.000000
0.083016
0.126562
-1.000000
0.083531
0.127344
-1.000000
0.084047
0.128125
-1.000000
0.084563
0.128906
-1.000000
0.085078
0.129687
-1.000000
0.085594
0.130469
-1.000000
0.086109
0.131250
-1.000000
0.086625
0.132031
-1.000000
0.087141
0.132812
-1.000000
0.087656
0.133594
-1.000000
0.088172
0.134375
-1.000000
0.088687
0.135156
-1.000000
0.089203
0.135938
-1.000000
0.089719
0.136719
-1.000000
0.090234
0.137500
-1.000000
0.090750
0.138281
-1.000000
0.091266
0.139063
-1.000000
0.091781
0.139844
-1.000000
0.092297
0.140625
-1.000000
0.092813
0.141406
-1.000000
0.093328
0.142187
-1.000000
0.093844
0.142969
-1.000000
0.094359
0.143750
-1.000000
0.094875
0.144531
-1.000000
0.095391
0.145312
-1.000000
0.095906
0.146094
-1.000000
0.096422
0.146875
-1.000000
0.096938
0.147656
-1.000000
0.097453
0.148438
-1.000000
0.097969
0.149219
-1.000000
0.098484
0.150000
-1.000000
0.099000
0.150781
-1.000000
0.099516
0.151563
-1.000000
0.100031
0.152344
-1.000000
0.100547
0.153125
-1.000000
0.101062
0.153906
-1.000000
0.101578
0.154688
-1.000000
0.102094
0.155469
-1.000000
0.102609
0.156250
-1.000000
0.103125
0.157031
-1.000000
0.103641
0.157812
-1.000000
0.104156
0.158594
-1.000000
0.104672
0.159375
-1.000000
0.105188
0.160156
-1.000000
0.105703
0.160937
-1.000000
0.106219
0.161719
-1.000000
0.106734
0.162500
-1.000000
0.107250
0.163281
-1.000000
0.107766
0.164062
-1.000000
0.108281
0.164844
-1.000000
0.108797
0.165625
-1.000000
0.109312
0.166406
-1.000000
0.109828
0.167188
-1.000000
0.110344
0.167969
-1.000000
0.110859
0.168750
-1.000000
0.111375
0.169531
-1.000000
0.111891
0.170313
-1.000000
0.112406
0.171094
-1.000000
0.112922
0.171875
-1.000000
0.113438
0.172656
-1.000000
0.113953
0.173437
-1.000000
0.114469
0.174219
-1.000000
0.114984
0.175000
-1.000000
0.115500
0.175781
-1.000000
0.116016
0.176562
-1.000000
0.116531
0.177344
-1.000000
0.117047
0.178125
-1.000000
0.117563
0.178906
-1.000000
0.118078
0.179688
-1.000000
0.118594
0.180469
-1.000000
0.119109
0.181250
-1.000000
0.119625
0.182031
-1.000000
0.120141
0.182813
-1.000000
0.120656
0.183594
-1.000000
0.121172
0.184375
-1.000000
0.121687
0.185156
-1.000000
0.122203
0.185938
-1.000000
0.122719
0.186719
-1.000000
0.123234
0.187500
-1.000000
0.123750
0.188281
-1.000000
0.124266
0.189062
-1.000000
0.124781
0.189844
-1.000000
0.125297
0.190625
-1.000000
0.125813
0.191406
-1.000000
0.126328
0.192187
-1.000000
0.126844
0.192969
-1.000000
0.127359
0.193750
-1.000000
0.127875
0.194531
-1.000000
0.128391
0.195312
-1.000000
0.128906
0.196094
-1.000000
0.129422
0.196875
-1.000000
0.129937
0.197656
-1.000000
0.130453
0.198438
-1.000000
0.130969
0.199219
-1.000000
0.131484
0.200000
-1.000000
0.132000
0.200781
-1.000000
0.132516
0.201563
-1.000000
0.133031
0.202344
-1.000000
0.133547
0.203125
-1.000000
0.134063
0.203906
-1.000000
0.134578
0.204687
-1.000000
0.135094
0.205469
-1.000000
0.135609
0.206250
-1.000000
0.136125
0.207031
-1.000000
0.136641
0.207812
-1.000000
0.137156
0.208594
-1.000000
0.137672
0.209375
-1.000000
0.138188
0.210156
-1.000000
0.138703
0.210938
-1.000000
0.139219
0.211719
-1.000000
0.139734
0.212500
-1.000000
0.140250
0.213281
-1.000000
0.140766
0.214063
-1.000000
0.141281
0.214844
-1.000000
0.141797
0.215625
-1.000000
0.142312
0.216406
-1.000000
0.142828
0.217188
-1.000000
0.143344
0.217969
-1.000000
0.143859
0.218750
-1.000000
0.144375
0.219531
-1.000000
0.144891
0.220312
-1.000000
0.145406
0.221094
-1.000000
0.145922
0.221875
-1.000000
0.146438
0.222656
-1.000000
0.146953
0.223437
-1.000000
0.147469
0.224219
-1.000000
0.147984
0.225000
-1.000000
0.148500
0.225781
-1.000000
0.149016
0.226562
-1.000000
0.149531
0.227344
-1.000000
0.150047
0.228125
-1.000000
0.150562
0.228906
-1.000000
0.151078
0.229688
-1.000000
0.151594
0.230469
-1.000000
0.152109
0.231250
-1.000000
0.152625
0.232031
-1.000000
0.153141
0.232813
-1.000000
0.153656
0.233594
-1.000000
0.154172
0.234375
-1.000000
0.154688
0.235156
-1.000000
0.155203
0.235937
-1.000000
0.155719
0.236719
-1.000000
0.156234
0.237500
-1.000000
0.156750
0.238281
-1.000000
0.157266
0.239062
-1.000000
0.157781
0.239844
-1.000000
0.158297
0.240625
-1.000000
0.158813
0.241406
-1.000000
0.159328
0.242188
-1.000000
0.159844
0.242969
-1.000000
0.160359
0.243750
-1.000000
0.160875
0.244531
-1.000000
0.161391
0.245313
-1.000000
0.161906
0.246094
-1.000000
0.162422
0.246875
-1.000000
0.162937
0.247656
-1.000000
0.163453
0.248438
-1.000000
0.163969
0.249219
-1.000000
0.164484
0.250000
-1.000000
0.165000
0.250781
-1.000000
0.165516
0.251562
-1.000000
0.166031
0.252344
-1.000000
0.166547
0.253125
-1.000000
0.167063
0.253906
-1.000000
0.167578
0.254687
-1.000000
0.168094
0.255469
-1.000000
0.168609
0.256250
-1.000000
0.169125
0.257031
-1.000000
0.169641
0.257812
-1.000000
0.170156
0.258594
-1.000000
0.170672
0.259375
-1.000000
0.171187
0.260156
-1.000000
0.171703
0.260938
-1.000000
0.172219
0.261719
-1.000000
0.172734
0.262500
-1.000000
0.173250
0.263281
-1.000000
0.173766
0.264063
-1.000000
0.174281
0.264844
-1.000000
0.174797
0.265625
-1.000000
0.175313
0.266406
-1.000000
0.175828
0.267187
-1.000000
0.176344
0.267969
-1.000000
0.176859
0.268750
-1.000000
0.177375
0.269531
-1.000000
0.177891
0.270312
-1.000000
0.178406
0.271094
-1.000000
0.178922
0.271875
-1.000000
0.179438
0.272656
-1.000000
0.179953
0.273438
-1.000000
0.180469
0.274219
-1.000000
0.180984
0.275000
-1.000000
0.181500
0.275781
-1.000000
0.182016
0.276563
-1.000000
0.182531
0.277344
-1.000000
0.183047
0.278125
-1.000000
0.183562
0.278906
-1.000000
0.184078
0.279688
-1.000000
0.184594
0.280469
-1.000000
0.185109
0.281250
-1.000000
0.185625
0.282031
-1.000000
0.186141
0.282812
-1.000000
0.186656
0.283594
-1.000000
0.187172
0.284375
-1.000000
0.187688
0.285156
-1.000000
0.188203
0.285937
-1.000000
0.188719
0.286719
-1.000000
0.189234
0.287500
-1.000000
0.189750
0.288281
-1.000000
0.190266
0.289062
-1.000000
0.190781
0.289844
-1.000000
0.191297
0.290625
-1.000000
0.191812
0.291406
-1.000000
0.192328
0.292188
-1.000000
0.192844
0.292969
-1.000000
0.193359
0.293750
-1.000000
0.193875
0.294531
-1.000000
0.194391
0.295313
-1.000000
0.194906
0.296094
-1.000000
0.195422
0.296875
-1.000000
0.195938
0.297656
-1.000000
0.196453
0.298437
-1.000000
0.196969
0.299219
-1.000000
0.197484
0.300000
-1.000000
0.198000
0.300781
-1.000000
0.198516
0.301562
-1.000000
0.199031
0.302344
-1.000000
0.199547
0.303125
-1.000000
0.200063
0.303906
-1.000000
0.200578
0.304688
-1.000000
0.201094
0.305469
-1.000000
0.201609
0.306250
-1.000000
0.202125
0.307031
-1.000000
0.202641
0.307813
-1.000000
0.203156
0.308594
-1.000000
0.203672
0.309375
-1.000000
0.204187
0.310156
-1.000000
0.204703
0.310938
-1.000000
0.205219
0.311719
-1.000000
0.205734
0.312500
-1.000000
0.206250
0.313281
-1.000000
0.206766
0.314062
-1.000000
0.207281
0.314844
-1.000000
0.207797
0.315625
-1.000000
0.208313
0.316406
-1.000000
0.208828
0.317187
-1.000000
0.209344
0.317969
-1.000000
0.209859
0.318750
-1.000000
0.210375
0.319531
-1.000000
0.210891
0.320312
-1.000000
0.211406
0.321094
-1.000000
0.211922
0.321875
-1.000000
0.212437
0.322656
-1.000000
0.212953
0.323438
-1.000000
0.213469
0.324219
-1.000000
0.213984
0.325000
-1.000000
0.214500
0.325781
-1.000000
0.215016
0.326563
-1.000000
0.215531
0.327344
-1.000000
0.216047
0.328125
-1.000000
0.216563
0.328906
-1.000000
0.217078
0.329687
-1.000000
0.217594
0.330469
-1.000000
0.218109
0.331250
-1.000000
0.218625
0.332031
-1.000000
0.219141
0.332812
-1.000000
0.219656
0.333594
-1.000000
0.220172
0.334375
-1.000000
0.220688
0.335156
-1.000000
0.221203
0.335938
-1.000000
0.221719
0.336719
-1.000000
0.222234
0.337500
-1.000000
0.222750
0.338281
-1.000000
0.223266
0.339063
-1.000000
0.223781
0.339844
-1.000000
0.224297
0.340625
-1.000000
0.224812
0.341406
-1.000000
0.225328
0.342188
-1.000000
0.225844
0.342969
-1.000000
0.226359
0.343750
-1.000000
0.226875
0.344531
-1.000000
0.227391
0.345312
-1.000000
0.227906
0.346094
-1.000000
0.228422
0.346875
-1.000000
0.228938
0.347656
-1.000000
0.229453
0.348437
-1.000000
0.229969
0.349219
-1.000000
0.230484
0.350000
-1.000000
0.231000
0.350781
-1.000000
0.231516
0.351562
-1.000000
0.232031
0.352344
-1.000000
0.232547
0.353125
-1.000000
0.233062
0.353906
-1.000000
0.233578
0.354688
-1.000000
0.234094
0.355469
-1.000000
0.234609
0.356250
-1.000000
0.235125
0.357031
-1.000000
0.235641
0.357813
-1.000000
0.236156
0.358594
-1.000000
0.236672
0.359375
-1.000000
0.237188
0.360156
-1.000000
0.237703
0.360937
-1.000000
0.238219
0.361719
-1.000000
0.238734
0.362500
-1.000000
0.239250
0.363281
-1.000000
0.239766
0.364062
-1.000000
0.240281
0.364844
-1.000000
0.240797
0.365625
-1.000000
0.241313
0.366406
-1.000000
0.241828
0.367188
-1.000000
0.242344
0.367969
-1.000000
0.242859
0.368750
-1.000000
0.243375
0.369531
-1.000000
0.243891
0.370313
-1.000000
0.244406
0.371094
-1.000000
0.244922
0.371875
-1.000000
0.245437
0.372656
-1.000000
0.245953
0.373438
-1.000000
0.246469
0.374219
-1.000000
0.246984
0.375000
-1.000000
0.247500
0.375781
-1.000000
0.248016
0.376562
-1.000000
0.248531
0.377344
-1.000000
0.249047
0.378125
-1.000000
0.249563
0.378906
-1.000000
0.250078
0.379687
-1.000000
0.250594
0.380469
-1.000000
0.251109
0.381250
-1.000000
0.251625
0.382031
-1.000000
0.252141
0.382812
-1.000000
0.252656
0.383594
-1.000000
0.253172
0.384375
-1.000000
0.253687
0.385156
-1.000000
0.254203
0.385938
-1.000000
0.254719
0.386719
-1.000000
0.255234
0.387500
-1.000000
0.255750
0.388281
-1.000000
0.256266
0.389063
-1.000000
0.256781
0.389844
-1.000000
0.257297
0.390625
-1.000000
0.257812
0.391406
-1.000000
0.258328
0.392187
-1.000000
0.258844
0.392969
-1.000000
0.259359
0.393750
-1.000000
0.259875
0.394531
-1.000000
0.260391
0.395312
-1.000000
0.260906
0.396094
-1.000000
0.261422
0.396875
-1.000000
0.261938
0.397656
-1.000000
0.262453
0.398438
-1.000000
0.262969
0.399219
-1.000000
0.263484
0.400000
-1.000000
0.264000
0.400781
-1.000000
0.264516
0.401563
-1.000000
0.265031
0.402344
-1.000000
0.265547
0.403125
-1.000000
0.266062
0.403906
-1.000000
0.266578
0.404688
-1.000000
0.267094
0.405469
-1.000000
0.267609
0.406250
-1.000000
0.268125
0.407031
-1.000000
0.268641
0.407812
-1.000000
0.269156
0.408594
-1.000000
0.269672
0.409375
-1.000000
0.270188
0.410156
-1.000000
0.270703
0.410937
-1.000000
0.271219
0.411719
-1.000000
0.271734
0.412500
-1.000000
0.272250
0.413281
-1.000000
0.272766
0.414062
-1.000000
0.273281
0.414844
-1.000000
0.273797
0.415625
-1.000000
0.274312
0.416406
-1.000000
0.274828
0.417188
-1.000000
0.275344
0.417969
-1.000000
0.275859
0.418750
-1.000000
0.276375
0.419531
-1.000000
0.276891
0.420313
-1.000000
0.277406
0.421094
-1.000000
0.277922
0.421875
-1.000000
0.278438
0.422656
-1.000000
0.278953
0.423437
-1.000000
0.279469
0.424219
-1.000000
0.279984
0.425000
-1.000000
0.280500
0.425781
-1.000000
0.281016
0.426562
-1.000000
0.281531
0.427344
-1.000000
0.282047
0.428125
-1.000000
0.282563
0.428906
-1.000000
0.283078
0.429688
-1.000000
0.283594
0.430469
-1.000000
0.284109
0.431250
-1.000000
0.284625
0.432031
-1.000000
0.285141
0.432813
-1.000000
0.285656
0.433594
-1.000000
0.286172
0.434375
-1.000000
0.286687
0.435156
-1.000000
0.287203
0.435938
-1.000000
0.287719
0.436719
-1.000000
0.288234
0.437500
-1.000000
0.288750
0.438281
-1.000000
0.289266
0.439062
-1.000000
0.289781
0.439844
-1.000000
0.290297
0.440625
-1.000000
0.290813
0.441406
-1.000000
0.291328
0.442187
-1.000000
0.291844
0.442969
-1.000000
0.292359
0.443750
-1.000000
0.292875
0.444531
-1.000000
0.293391
0.445312
-1.000000
0.293906
0.446094
-1.000000
0.294422
0.446875
-1.000000
0.294937
0.447656
-1.000000
0.295453
0.448438
-1.000000
0.295969
0.449219
-1.000000
0.296484
0.450000
-1.000000
0.297000
0.450781
-1.000000
0.297516
0.451563
-1.000000
0.298031
0.452344
-1.000000
0.298547
0.453125
-1.000000
0.299063
0.453906
-1.000000
0.299578
0.454687
-1.000000
0.300094
0.455469
-1.000000
0.300609
0.456250
-1.000000
0.301125
0.457031
-1.000000
0.301641
0.457812
-1.000000
0.302156
0.458594
-1.000000
0.302672
0.459375
-1.000000
0.303188
0.460156
-1.000000
0.303703
0.460938
-1.000000
0.304219
0.461719
-1.000000
0.304734
0.462500
-1.000000
0.305250
0.463281
-1.000000
0.305766
0.464063
-1.000000
0.306281
0.464844
-1.000000
0.306797
0.465625
-1.000000
0.307312
0.466406
-1.000000
0.307828
0.467188
-1.000000
0.308344
0.467969
-1.000000
0.308859
0.468750
-1.000000
0.309375
0.469531
-1.000000
0.309891
0.470312
-1.000000
0.310406
0.471094
-1.000000
0.310922
0.471875
-1.000000
0.311438
0.472656
-1.000000
0.311953
0.473437
-1.000000
0.312469
0.474219
-1.000000
0.312984
0.475000
-1.000000
0.313500
0.475781
-1.000000
0.314016
0.476562
-1.000000
0.314531
0.477344
-1.000000
0.315047
0.478125
-1.000000
0.315562
0.478906
-1.000000
0.316078
0.479688
-1.000000
0.316594
0.480469
-1.000000
0.317109
0.481250
-1.000000
0.317625
0.482031
-1.000000
0.318141
0.482813
-1.000000
0.318656
0.483594
-1.000000
0.319172
0.484375
-1.000000
0.319688
0.485156
-1.000000
0.320203
0.485937
-1.000000
0.320719
0.486719
-1.000000
0.321234
0.487500
-1.000000
0.321750
0.488281
-1.000000
0.322266
0.489062
-1.000000
0.322781
0.489844
-1.000000
0.323297
0.490625
-1.000000
0.323813
0.491406
-1.000000
0.324328
0.492188
-1.000000
0.324844
0.492969
-1.000000
0.325359
0.493750
-1.000000
0.325875
0.494531
-1.000000
0.326391
0.495313
-1.000000
0.326906
0.496094
-1.000000
0.327422
0.496875
-1.000000
0.327937
0.497656
-1.000000
0.328453
0.498438
-1.000000
0.328969
0.499219
-1.000000
0.329484
0.500000
-1.000000
0.330000
0.500781
-1.000000
0.330516
0.501562
-1.000000
0.331031
0.502344
-1.000000
0.331547
0.503125
-1.000000
0.332063
0.503906
-1.000000
0.332578
0.504687
-1.000000
0.333094
0.505469
-1.000000
0.333609
0.506250
-1.000000
0.334125
0.507031
-1.000000
0.334641
0.507812
-1.000000
0.335156
0.508594
-1.000000
0.335672
0.509375
-1.000000
0.336187
0.510156
-1.000000
0.336703
0.510938
-1.000000
0.337219
0.511719
-1.000000
0.337734
0.512500
-1.000000
0.338250
0.513281
-1.000000
0.338766
0.514063
-1.000000
0.339281
0.514844
-1.000000
0.339797
0.515625
-1.000000
0.340313
0.516406
-1.000000
0.340828
0.517187
-1.000000
0.341344
0.517969
-1.000000
0.341859
0.518750
-1.000000
0.342375
0.519531
-1.000000
0.342891
0.520312
-1.000000
0.343406
0.521094
-1.000000
0.343922
0.521875
-1.000000
0.344438
0.522656
-1.000000
0.344953
0.523438
-1.000000
0.345469
0.524219
-1.000000
0.345984
0.525000
-1.000000
0.346500
0.525781
-1.000000
0.347016
0.526563
-1.000000
0.347531
0.527344
-1.000000
0.348047
0.528125
-1.000000
0.348562
0.528906
-1.000000
0.349078
0.529688
-1.000000
0.349594
0.530469
-1.000000
0.350109
0.531250
-1.000000
0.350625
0.532031
-1.000000
0.351141
0.532812
-1.000000
0.351656
0.533594
-1.000000
0.352172
0.534375
-1.000000
0.352688
0.535156
-1.000000
0.353203
0.535937
-1.000000
0.353719
0.536719
-1.000000
0.354234
0.537500
-1.000000
0.354750
0.538281
-1.000000
0.355266
0.539062
-1.000000
0.355781
0.539844
-1.000000
0.356297
0.540625
-1.000000
0.356812
0.541406
-1.000000
0.357328
0.542188
-1.000000
0.357844
0.542969
-1.000000
0.358359
0.543750
-1.000000
0.358875
0.544531
-1.000000
0.359391
0.545313
-1.000000
0.359906
0.546094
-1.000000
0.360422
0.546875
-1.000000
0.360938
0.547656
-1.000000
0.361453
0.548437
-1.000000
0.361969
0.549219
-1.000000
0.362484
0.550000
-1.000000
0.363000
0.550781
-1.000000
0.363516
0.551562
-1.000000
0.364031
0.552344
-1.000000
0.364547
0.553125
-1.000000
0.365063
0.553906
-1.000000
0.365578
0.554688
-1.000000
0.366094
0.555469
-1.000000
0.366609
0.556250
-1.000000
0.367125
0.557031
-1.000000
0.367641
0.557813
-1.000000
0.368156
0.558594
-1.000000
0.368672
0.559375
-1.000000
0.369188
0.560156
-1.000000
0.369703
0.560938
-1.000000
0.370219
0.561719
-1.000000
0.370734
0.562500
-1.000000
0.371250
0.563281
-1.000000
0.371766
0.564062
-1.000000
0.372281
0.564844
-1.000000
0.372797
0.565625
-1.000000
0.373313
0.566406
-1.000000
0.373828
0.567187
-1.000000
0.374344
0.567969
-1.000000
0.374859
0.568750
-1.000000
0.375375
0.569531
-1.000000
0.375891
0.570312
-1.000000
0.376406
0.571094
-1.000000
0.376922
0.571875
-1.000000
0.377437
0.572656
-1.000000
0.377953
0.573438
-1.000000
0.378469
0.574219
-1.000000
0.378984
0.575000
-1.000000
0.379500
0.575781
-1.000000
0.380016
0.576563
-1.000000
0.380531
0.577344
-1.000000
0.381047
0.578125
-1.000000
0.381563
0.578906
-1.000000
0.382078
0.579687
-1.000000
0.382594
0.580469
-1.000000
0.383109
0.581250
-1.000000
0.383625
0.582031
-1.000000
0.384141
0.582812
-1.000000
0.384656
0.583594
-1.000000
0.385172
0.584375
-1.000000
0.385688
0.585156
-1.000000
0.386203
0.585938
-1.000000
0.386719
0.586719
-1.000000
0.387234
0.587500
-1.000000
0.387750
0.588281
-1.000000
0.388266
0.589063
-1.000000
0.388781
0.589844
-1.000000
0.389297
0.590625
-1.000000
0.389813
0.591406
-1.000000
0.390328
0.592188
-1.000000
0.390844
0.592969
-1.000000
0.391359
0.593750
-1.000000
0.391875
0.594531
-1.000000
0.392391
0.595312
-1.000000
0.392906
0.596094
-1.000000
0.393422
0.596875
-1.000000
0.393938
0.597656
-1.000000
0.394453
0.598437
-1.000000
0.394969
0.599219
-1.000000
0.395484
0.600000
-1.000000
0.396000
0.600781
-1.000000
0.396516
0.601562
-1.000000
0.397031
0.602344
-1.000000
0.397547
0.603125
-1.000000
0.398062
0.603906
-1.000000
0.398578
0.604688
-1.000000
0.399094
0.605469
-1.000000
0.399609
0.606250
-1.000000
0.400125
0.607031
-1.000000
0.400641
0.607813
-1.000000
0.401156
0.608594
-1.000000
0.401672
0.609375
-1.000000
0.402188
0.610156
-1.000000
0.402703
0.610937
-1.000000
0.403219
0.611719
-1.000000
0.403734
0.612500
-1.000000
0.404250
0.613281
-1.000000
0.404766
0.614062
-1.000000
0.405281
0.614844
-1.000000
0.405797
0.615625
-1.000000
0.406313
0.616406
-1.000000
0.406828
0.617188
-1.000000
0.407344
0.617969
-1.000000
0.407859
0.618750
-1.000000
0.408375
0.619531
-1.000000
0.408891
0.620313
-1.000000
0.409406
0.621094
-1.000000
0.409922
0.621875
-1.000000
0.410438
0.622656
-1.000000
0.410953
0.623438
-1.000000
0.411469
0.624219
-1.000000
0.411984
0.625000
-1.000000
0.412500
0.625781
-1.000000
0.413016
0.626562
-1.000000
0.413531
0.627344
-1.000000
0.414047
0.628125
-1.000000
0.414563
0.628906
-1.000000
0.415078
0.629687
-1.000000
0.415594
0.630469
-1.000000
0.416109
0.631250
-1.000000
0.416625
0.632031
-1.000000
0.417141
0.632812
-1.000000
0.417656
0.633594
-1.000000
0.418172
0.634375
-1.000000
0.418687
0.635156
-1.000000
0.419203
0.635938
-1.000000
0.419719
0.636719
-1.000000
0.420234
0.637500
-1.000000
0.420750
0.638281
-1.000000
0.421266
0.639063
-1.000000
0.421781
0.639844
-1.000000
0.422297
0.640625
-1.000000
0.422813
0.641406
-1.000000
0.423328
0.642187
-1.000000
0.423844
0.642969
-1.000000
0.424359
0.643750
-1.000000
0.424875
0.644531
-1.000000
0.425391
0.645312
-1.000000
0.425906
0.646094
-1.000000
0.426422
0.646875
-1.000000
0.426938
0.647656
-1.000000
0.427453
0.648438
-1.000000
0.427969
0.649219
-1.000000
0.428484
0.650000
-1.000000
0.429000
0.650781
-1.000000
0.429516
0.651563
-1.000000
0.430031
0.652344
-1.000000
0.430547
0.653125
-1.000000
0.431063
0.653906
-1.000000
0.431578
0.654688
-1.000000
0.432094
0.655469
-1.000000
0.432609
0.656250
-1.000000
0.433125
0.657031
-1.000000
0.433641
0.657812
-1.000000
0.434156
0.658594
-1.000000
0.434672
0.659375
-1.000000
0.435188
0.660156
-1.000000
0.435703
0.660937
-1.000000
0.436219
0.661719
-1.000000
0.436734
0.662500
-1.000000
0.437250
0.663281
-1.000000
0.437766
0.664062
-1.000000
0.438281
0.664844
-1.000000
0.438797
0.665625
-1.000000
0.439312
0.666406
-1.000000
0.439828
0.667188
-1.000000
0.440344
0.667969
-1.000000
0.440859
0.668750
-1.000000
0.441375
0.669531
-1.000000
0.441891
0.670313
-1.000000
0.442406
0.671094
-1.000000
0.442922
0.671875
-1.000000
0.443438
0.672656
-1.000000
0.443953
0.673437
-1.000000
0.444469
0.674219
-1.000000
0.444984
0.675000
-1.000000
0.445500
0.675781
-1.000000
0.446016
0.676562
-1.000000
0.446531
0.677344
-1.000000
0.447047
0.678125
-1.000000
0.447563
0.678906
-1.000000
0.448078
0.679688
-1.000000
0.448594
0.680469
-1.000000
0.449109
0.681250
-1.000000
0.449625
0.682031
-1.000000
0.450141
0.682813
-1.000000
0.450656
0.683594
-1.000000
0.451172
0.684375
-1.000000
0.451688
0.685156
-1.000000
0.452203
0.685938
-1.000000
0.452719
0.686719
-1.000000
0.453234
0.687500
-1.000000
0.453750
0.688281
-1.000000
0.454266
0.689062
-1.000000
0.454781
0.689844
-1.000000
0.455297
0.690625
-1.000000
0.455813
0.691406
-1.000000
0.456328
0.692187
-1.000000
0.456844
0.692969
-1.000000
0.457359
0.693750
-1.000000
0.457875
0.694531
-1.000000
0.458391
0.695312
-1.000000
0.458906
0.696094
-1.000000
0.459422
0.696875
-1.000000
0.459937
0.697656
-1.000000
0.460453
0.698438
-1.000000
0.460969
0.699219
-1.000000
0.461484
0.700000
-1.000000
0.462000
0.700781
-1.000000
0.462516
0.701563
-1.000000
0.463031
0.702344
-1.000000
0.463547
0.703125
-1.000000
0.464063
0.703906
-1.000000
0.464578
0.704687
-1.000000
0.465094
0.705469
-1.000000
0.465609
0.706250
-1.000000
0.466125
0.707031
-1.000000
0.466641
0.707812
-1.000000
0.467156
0.708594
-1.000000
0.467672
0.709375
-1.000000
0.468188
0.710156
-1.000000
0.468703
0.710938
-1.000000
0.469219
0.711719
-1.000000
0.469734
0.712500
-1.000000
0.470250
0.713281
-1.000000
0.470766
0.714063
-1.000000
0.471281
0.714844
-1.000000
0.471797
0.715625
-1.000000
0.472312
0.716406
-1.000000
0.472828
0.717188
-1.000000
0.473344
0.717969
-1.000000
0.473859
0.718750
-1.000000
0.474375
0.719531
-1.000000
0.474891
0.720312
-1.000000
0.475406
0.721094
-1.000000
0.475922
0.721875
-1.000000
0.476438
0.722656
-1.000000
0.476953
0.723437
-1.000000
0.477469
0.724219
-1.000000
0.477984
0.725000
-1.000000
0.478500
0.725781
-1.000000
0.479016
0.726562
-1.000000
0.479531
0.727344
-1.000000
0.480047
0.728125
-1.000000
0.480562
0.728906
-1.000000
0.481078
0.729688
-1.000000
0.481594
0.730469
-1.000000
0.482109
0.731250
-1.000000
0.482625
0.732031
-1.000000
0.483141
0.732813
-1.000000
0.483656
0.733594
-1.000000
0.484172
0.734375
-1.000000
0.484688
0.735156
-1.000000
0.485203
0.735937
-1.000000
0.485719
0.736719
-1.000000
0.486234
0.737500
-1.000000
0.486750
0.738281
-1.000000
0.487266
0.739062
-1.000000
0.487781
0.739844
-1.000000
0.488297
0.740625
-1.000000
0.488813
0.741406
-1.000000
0.489328
0.742188
-1.000000
0.489844
0.742969
-1.000000
0.490359
0.743750
-1.000000
0.490875
0.744531
-1.000000
0.491391
0.745313
-1.000000
0.491906
0.746094
-1.000000
0.492422
0.746875
-1.000000
0.492937
0.747656
-1.000000
0.493453
0.748438
-1.000000
0.493969
0.749219
-1.000000
0.494484
0.750000
-1.000000
0.495000
0.750781
-1.000000
0.495516
0.751562
-1.000000
0.496031
0.752344
-1.000000
0.496547
0.753125
-1.000000
0.497063
0.753906
-1.000000
0.497578
0.754687
-1.000000
0.498094
0.755469
-1.000000
0.498609
0.756250
-1.000000
0.499125
0.757031
-1.000000
0.499641
0.757812
-1.000000
0.500156
0.758594
-1.000000
0.500672
0.759375
-1.000000
0.501188
0.760156
-1.000000
0.501703
0.760938
-1.000000
0.502219
0.761719
-1.000000
0.502734
0.762500
-1.000000
0.503250
0.763281
-1.000000
0.503766
0.764063
-1.000000
0.504281
0.764844
-1.000000
0.504797
0.765625
-1.000000
0.505313
0.766406
-1.000000
0.505828
0.767187
-1.000000
0.506344
0.767969
-1.000000
0.506859
0.768750
-1.000000
0.507375
0.769531
-1.000000
0.507891
0.770312
-1.000000
0.508406
0.771094
-1.000000
0.508922
0.771875
-1.000000
0.509438
0.772656
-1.000000
0.509953
0.773438
-1.000000
0.510469
0.774219
-1.000000
0.510984
0.775000
-1.000000
0.511500
0.775781
-1.000000
0.512016
0.776563
-1.000000
0.512531
0.777344
-1.000000
0.513047
0.778125
-1.000000
0.513563
0.778906
-1.000000
0.514078
0.779688
-1.000000
0.514594
0.780469
-1.000000
0.515109
0.781250
-1.000000
0.515625
0.782031
-1.000000
0.516141
0.782812
-1.000000
0.516656
0.783594
-1.000000
0.517172
0.784375
-1.000000
0.517688
0.785156
-1.000000
0.518203
0.785937
-1.000000
0.518719
0.786719
-1.000000
0.519234
0.787500
-1.000000
0.519750
0.788281
-1.000000
0.520266
0.789062
-1.000000
0.520781
0.789844
-1.000000
0.521297
0.790625
-1.000000
0.521813
0.791406
-1.000000
0.522328
0.792188
-1.000000
0.522844
0.792969
-1.000000
0.523359
0.793750
-1.000000
0.523875
0.794531
-1.000000
0.524391
0.795313
-1.000000
0.524906
0.796094
-1.000000
0.525422
0.796875
-1.000000
0.525938
0.797656
-1.000000
0.526453
0.798437
-1.000000
0.526969
0.799219
-1.000000
0.527484
0.800000
-1.000000
0.528000
0.800781
-1.000000
0.528516
0.801562
-1.000000
0.529031
0.802344
-1.000000
0.529547
0.803125
-1.000000
0.530063
0.803906
-1.000000
0.530578
0.804688
-1.000000
0.531094
0.805469
-1.000000
0.531609
0.806250
-1.000000
0.532125
0.807031
-1.000000
0.532641
0.807813
-1.000000
0.533156
0.808594
-1.000000
0.533672
0.809375
-1.000000
0.534188
0.810156
-1.000000
0.534703
0.810938
-1.000000
0.535219
0.811719
-1.000000
0.535734
0.812500
-1.000000
0.536250
0.813281
-1.000000
0.536766
0.814062
-1.000000
0.537281
0.814844
-1.000000
0.537797
0.815625
-1.000000
0.538313
0.816406
-1.000000
0.538828
0.817187
-1.000000
0.539344
0.817969
-1.000000
0.539859
0.818750
-1.000000
0.540375
0.819531
-1.000000
0.540891
0.820312
-1.000000
0.541406
0.821094
-1.000000
0.541922
0.821875
-1.000000
0.542438
0.822656
-1.000000
0.542953
0.823438
-1.000000
0.543469
0.824219
-1.000000
0.543984
0.825000
-1.000000
0.544500
0.825781
-1.000000
0.545016
0.826563
-1.000000
0.545531
0.827344
-1.000000
0.546047
0.828125
-1.000000
0.546563
0.828906
-1.000000
0.547078
0.829687
-1.000000
0.547594
0.830469
-1.000000
0.548109
0.831250
-1.000000
0.548625
0.832031
-1.000000
0.549141
0.832812
-1.000000
0.549656
0.833594
-1.000000
0.550172
0.834375
-1.000000
0.550688
0.835156
-1.000000
0.551203
0.835938
-1.000000
0.551719
0.836719
-1.000000
0.552234
0.837500
-1.000000
0.552750
0.838281
-1.000000
0.553266
0.839063
-1.000000
0.553781
0.839844
-1.000000
0.554297
0.840625
-1.000000
0.554813
0.841406
-1.000000
0.555328
0.842188
-1.000000
0.555844
0.842969
-1.000000
0.556359
0.843750
-1.000000
0.556875
0.844531
-1.000000
0.557391
0.845312
-1.000000
0.557906
0.846094
-1.000000
0.558422
0.846875
-1.000000
0.558938
0.847656
-1.000000
0.559453
0.848437
-1.000000
0.559969
0.849219
-1.000000
0.560484
0.850000
-1.000000
0.561000
0.850781
-1.000000
0.561516
0.851562
-1.000000
0.562031
0.852344
-1.000000
0.562547
0.853125
-1.000000
0.563063
0.853906
-1.000000
0.563578
0.854688
-1.000000
0.564094
0.855469
-1.000000
0.564609
0.856250
-1.000000
0.565125
0.857031
-1.000000
0.565641
0.857813
-1.000000
0.566156
0.858594
-1.000000
0.566672
0.859375
-1.000000
0.567188
0.860156
-1.000000
0.567703
0.860937
-1.000000
0.568219
0.861719
-1.000000
0.568734
0.862500
-1.000000
0.569250
0.863281
-1.000000
0.569766
0.864062
-1.000000
0.570281
0.864844
-1.000000
0.570797
0.865625
-1.000000
0.571313
0.866406
-1.000000
0.571828
0.867188
-1.000000
0.572344
0.867969
-1.000000
0.572859
0.868750
-1.000000
0.573375
0.869531
-1.000000
0.573891
0.870313
-1.000000
0.574406
0.871094
-1.000000
0.574922
0.871875
-1.000000
0.575438
0.872656
-1.000000
0.575953
0.873438
-1.000000
0.576469
0.874219
-1.000000
0.576984
0.875000
-1.000000
0.577500
0.875781
-1.000000
0.578016
0.876562
-1.000000
0.578531
0.877344
-1.000000
0.579047
0.878125
-1.000000
0.579563
0.878906
-1.000000
0.580078
0.879687
-1.000000
0.580594
0.880469
-1.000000
0.581109
0.881250
-1.000000
0.581625
0.882031
-1.000000
0.582141
0.882812
-1.000000
0.582656
0.883594
-1.000000
0.583172
0.884375
-1.000000
0.583687
0.885156
-1.000000
0.584203
0.885938
-1.000000
0.584719
0.886719
-1.000000
0.585234
0.887500
-1.000000
0.585750
0.888281
-1.000000
0.586266
0.889063
-1.000000
0.586781
0.889844
-1.000000
0.587297
0.890625
-1.000000
0.587813
0.891406
-1.000000
0.588328
0.892187
-1.000000
0.588844
0.892969
-1.000000
0.589359
0.893750
-1.000000
0.589875
0.894531
-1.000000
0.590391
0.895312
-1.000000
0.590906
0.896094
-1.000000
0.591422
0.896875
-1.000000
0.591938
0.897656
-1.000000
0.592453
0.898438
-1.000000
0.592969
0.899219
-1.000000
0.593484
0.900000
-1.000000
0.594000
0.900781
-1.000000
0.594516
0.901563
-1.000000
0.595031
0.902344
-1.000000
0.595547
0.903125
-1.000000
0.596063
0.903906
-1.000000
0.596578
0.904688
-1.000000
0.597094
0.905469
-1.000000
0.597609
0.906250
-1.000000
0.598125
0.907031
-1.000000
0.598641
0.907812
-1.000000
0.599156
0.908594
-1.000000
0.599672
0.909375
-1.000000
0.600188
0.910156
-1.000000
0.600703
0.910937
-1.000000
0.601219
0.911719
-1.000000
0.601734
0.912500
-1.000000
0.602250
0.913281
-1.000000
0.602766
0.914062
-1.000000
0.603281
0.914844
-1.000000
0.603797
0.915625
-1.000000
0.604312
0.916406
-1.000000
0.604828
0.917188
-1.000000
0.605344
0.917969
-1.000000
0.605859
0.918750
-1.000000
0.606375
0.919531
-1.000000
0.606891
0.920313
-1.000000
0.607406
0.921094
-1.000000
0.607922
0.921875
-1.000000
0.608438
0.922656
-1.000000
0.608953
0.923437
-1.000000
0.609469
0.924219
-1.000000
0.609984
0.925000
-1.000000
0.610500
0.925781
-1.000000
0.611016
0.926562
-1.000000
0.611531
0.927344
-1.000000
0.612047
0.928125
-1.000000
0.612563
0.928906
-1.000000
0.613078
0.929688
-1.000000
0.613594
0.930469
-1.000000
0.614109
0.931250
-1.000000
0.614625
0.932031
-1.000000
0.615141
0.932813
-1.000000
0.615656
0.933594
-1.000000
0.616172
0.934375
-1.000000
0.616688
0.935156
-1.000000
0.617203
0.935938
-1.000000
0.617719
0.936719
-1.000000
0.618234
0.937500
-1.000000
0.618750
0.938281
-1.000000
0.619266
0.939062
-1.000000
0.619781
0.939844
-1.000000
0.620297
0.940625
-1.000000
0.620813
0.941406
-1.000000
0.621328
0.942187
-1.000000
0.621844
0.942969
-1.000000
0.622359
0.943750
-1.000000
0.622875
0.944531
-1.000000
0.623391
0.945312
-1.000000
0.623906
0.946094
-1.000000
0.624422
0.946875
-1.000000
0.624937
0.947656
-1.000000
0.625453
0.948438
-1.000000
0.625969
0.949219
-1.000000
0.626484
0.950000
-1.000000
0.627000
0.950781
-1.000000
0.627516
0.951563
-1.000000
0.628031
0.952344
-1.000000
0.628547
0.953125
-1.000000
0.629063
0.953906
-1.000000
0.629578
0.954687
-1.000000
0.630094
0.955469
-1.000000
0.630609
0.956250
-1.000000
0.631125
0.957031
-1.000000
0.631641
0.957812
-1.000000
0.632156
0.958594
-1.000000
0.632672
0.959375
-1.000000
0.633188
0.960156
-1.000000
0.633703
0.960938
-1.000000
0.634219
0.961719
-1.000000
0.634734
0.962500
-1.000000
0.635250
0.963281
-1.000000
0.635766
0.964063
-1.000000
0.636281
0.964844
-1.000000
0.636797
0.965625
-1.000000
0.637312
0.966406
-1.000000
0.637828
0.967188
-1.000000
0.638344
0.967969
-1.000000
0.638859
0.968750
-1.000000
0.639375
0.969531
-1.000000
0.639891
0.970312
-1.000000
0.640406
0.971094
-1.000000
0.640922
0.971875
-1.000000
0.641438
0.972656
-1.000000
0.641953
0.973437
-1.000000
0.642469
0.974219
-1.000000
0.642984
0.975000
-1.000000
0.643500
0.975781
-1.000000
0.644016
0.976562
-1.000000
0.644531
0.977344
-1.000000
0.645047
0.978125
-1.000000
0.645562
0.978906
-1.000000
0.646078
0.979688
-1.000000
0.646594
0.980469
-1.000000
0.647109
0.981250
-1.000000
0.647625
0.982031
-1.000000
0.648141
0.982813
-1.000000
0.648656
0.983594
-1.000000
0.649172
0.984375
-1.000000
0.649688
0.985156
-1.000000
0